165 1786
1933 2235
1374 278
2212 750
517 1389
2037 2317
926 82
673 1006
810 1902
467 2025
2105 1410
1610 347
1308 329
1393 848
786 750
1033 2130
1830 757
1534 1336
2148 2147
18 501
1066 2244
1691 848
1193 1223
249 1806
2274 2123
344 347
1086 727
811 2040
1107 2278
840 2196
526 329
218 1943
1469 584
522 1744
1908 2088
1888 1500
379 1935
397 727
290 1617
1567 1241
394 1902
968 212
212 1677
1812 1712
1812 1916
1516 1991
2237 2382
1561 1299
308 1902
2311 973
758 1728
1326 1186
32 469
1260 2428
1014 597
2407 106
1402 1477
2199 1223
1104 727
85 1329
1276 1447
1944 631
1725 1255
1091 281
2270 2435
995 832
544 300
512 1079
512 1865
846 891
1733 1421
1045 5
83 941
473 1401
173 916
1526 655
1221 1942
1221 1604
1221 1242
487 337
276 970
1015 1794
2068 14
1903 21
516 655
105 1322
1810 973
502 898
502 624
755 2113
2392 1855
802 1902
2257 783
676 2147
1586 1913
1807 1893
1195 1447
241 1341
241 1824
26 1297
511 2147
725 1161
1786 1363
1121 452
171 172
646 2377
1859 14
1851 900
2113 571
2113 604
2113 2193
1158 2355
2368 933
570 719
2218 483
2074 961
1871 757
985 941
980 939
365 2140
778 2147
97 1167
154 1950
2293 962
1666 2071
1666 750
664 2001
664 2412
664 1090
2404 421
468 1822
2437 895
1383 1341
2141 1001
1368 783
1288 1991
93 400
93 1902
1404 1190
2044 1008
2044 133
311 345
1907 2366
1907 2234
1069 36
834 1991
834 1951
226 128
226 1348
680 1911
1813 133
168 962
648 1858
1741 948
1718 625
322 1732
1581 2295
1750 485
986 1735
1609 1267
1089 1339
639 395
1008 2126
520 895
2048 281
1689 1623
289 1000
289 625
1405 456
2321 298
121 1759
121 1223
2391 1435
595 1485
951 948
951 1945
951 1258
562 1541
690 895
475 2002
475 1167
850 507
486 1000
486 625
1523 1223
608 1916
967 1425
978 1347
2422 491
2287 1902
957 933
620 240
620 1075
620 2087
2328 2058
688 542
1774 750
2004 1136
2004 38
2376 2001
2376 174
1218 1000
1218 625
636 1389
636 274
1551 274
2132 2156
647 1223
524 1396
2421 616
1606 2208
904 1902
1279 193
2153 718
2153 14
447 2214
447 392
998 1605
27 2240
529 2308
2383 750
2336 783
1808 2340
874 2095
828 1401
362 1120
362 2428
1671 2426
391 2395
1877 1744
1877 1183
2406 719
1672 1466
942 848
1814 1902
1647 1527
1939 1893
2056 888
198 1782
198 1680
1658 1329
1658 124
1600 796
1600 943
1746 922
28 2439
815 461
814 1115
814 1241
22 629
1220 948
1220 14
2000 2156
122 1055
74 750
434 1047
1755 1998
1755 1424
1755 2200
1870 1055
329 903
1117 354
250 1659
1720 792
2401 1917
2401 431
1723 763
160 768
160 2023
160 1188
160 68
604 2193
2193 2323
558 749
558 2260
1626 897
1865 2429
2163 1136
1081 733
1864 2354
1864 1268
1864 1394
1864 1255
1864 597
181 891
181 929
1434 2222
764 1395
1974 1569
387 847
387 918
167 2042
167 1576
1804 2398
1535 1313
1347 14
1296 1587
1296 792
2285 1673
711 1702
711 124
19 1035
2050 1834
2050 196
547 1010
2007 1727
2007 331
454 2008
454 916
1318 462
1318 503
339 2129
1120 1447
305 1563
305 863
919 278
919 1293
919 938
919 1480
2315 1935
1580 655
1580 1313
2353 1035
1203 790
2224 2095
2224 2069
2190 1378
2190 1146
1137 1299
1137 728
1137 1744
1137 541
1137 2151
1137 1554
1079 1441
306 414
306 476
306 1717
1005 655
1202 1350
1202 1824
722 1136
722 2130
777 1385
1627 1447
99 1943
592 68
592 1212
592 1964
142 580
217 1680
217 274
1375 1164
393 2312
393 260
2168 2147
1964 337
1964 68
1964 1444
1592 726
1592 337
1592 2059
1592 783
1398 2309
1300 1293
1300 1480
1465 1481
1012 687
1390 753
1639 1026
2408 1447
2408 1410
2408 2357
86 1597
86 449
86 1485
2176 1136
2176 2130
2220 1902
1710 591
670 962
670 1744
670 14
484 1026
280 2013
348 971
1487 2235
2114 963
2092 440
2092 1979
440 1979
1252 2428
1738 1410
812 655
127 948
127 1258
1655 1680
1655 72
92 2208
714 1594
2364 461
2364 1611
1068 297
1558 1696
1371 91
333 354
1809 1643
1809 2300
368 655
368 1499
2181 1000
2181 616
2181 1256
2181 625
914 532
940 1170
2166 2010
1662 1536
1662 254
1662 2388
1662 436
1662 1348
1662 1074
611 12
611 14
2072 496
335 1047
531 1902
266 2305
266 316
1205 1322
1205 1708
1254 2243
257 115
1196 1485
1431 585
1431 1169
1431 991
1431 1235
380 52
380 1953
380 1
380 1467
2367 1642
2367 534
2367 2155
579 746
579 1376
992 2243
992 1659
992 2069
236 1943
1088 1083
1088 794
1471 1914
1471 1346
1471 163
1399 14
1670 575
1670 1095
876 141
876 2318
876 1797
876 13
374 1945
2179 307
2179 1657
1932 1527
1584 1902
459 2384
2384 1510
315 1914
315 163
1621 1414
703 1732
2217 2428
2217 1035
130 2201
130 2137
1142 1350
782 1025
2223 417
245 1336
245 1223
1692 2350
1692 2214
991 585
1290 684
1290 287
1290 2278
2359 14
1199 916
1199 1387
1199 507
302 2204
302 319
302 139
2389 1233
2389 743
353 1646
55 2094
1543 1298
1543 1253
1543 284
1543 1235
1958 909
1958 1322
996 2351
689 1198
2427 2069
412 2256
412 413
1266 1594
706 1447
1904 2188
1904 2158
1423 686
600 1341
347 933
347 784
347 780
347 1544
1502 816
283 963
1862 472
2346 14
2443 1453
2443 2300
2443 774
2443 307
1011 1782
1011 655
1011 1313
1011 1035
2036 1821
2036 598
2036 574
594 278
594 1447
594 2357
776 2354
1942 494
2080 1092
2080 373
2251 1281
2251 2369
2369 655
2369 1313
545 14
214 400
729 1782
729 655
729 1313
729 1035
1321 687
1432 691
1432 916
1302 2095
671 1258
671 831
671 157
744 14
1602 14
445 274
2071 1990
2071 750
1952 2308
1952 1885
1259 1967
566 377
566 1360
566 2258
566 1136
1726 372
366 1271
1649 1505
1929 1644
1929 1556
1929 1467
1325 2025
747 1160
747 552
1475 574
1695 203
2303 426
225 14
1056 1006
1261 1320
1261 2178
1261 902
234 854
2013 12
2013 423
2013 14
1615 656
1615 2439
1615 624
1150 1
1150 56
279 432
2189 1521
2189 2040
2189 939
2189 847
1280 1003
1280 1217
1400 1705
1044 463
2201 1245
2174 2095
2174 1679
210 2188
210 2327
989 1447
1909 625
1219 757
1219 560
1490 1322
601 915
601 14
796 943
796 1793
1793 943
1793 1322
1706 1313
150 2147
150 2111
2 1443
1244 2196
1244 1414
456 1209
1593 2258
1593 982
2355 63
596 1028
950 1902
422 1410
1493 1051
1493 1130
629 1396
629 2185
69 1625
1785 1713
1785 1061
1262 1467
2390 1268
497 2235
875 1500
1126 1322
2265 1902
2265 1136
2265 2130
2265 1893
2140 1855
2140 655
1704 439
1704 1889
798 2157
798 1467
798 14
239 2035
1449 2208
1449 924
665 300
188 2354
188 1680
141 1797
1522 62
519 191
519 645
519 921
1160 1386
1160 521
1160 1486
1160 1684
1160 190
1160 552
50 332
25 574
466 1322
466 1554
466 14
1513 2147
2289 1320
2289 939
970 619
970 715
590 1047
590 1360
590 750
590 1035
1422 1485
2022 2260
1351 1047
1783 831
2054 1387
1913 448
400 346
1874 1271
723 1485
889 2442
889 2273
889 1825
1112 939
1112 813
2119 267
2119 303
1521 939
1521 577
1521 813
704 1782
518 10
780 2196
780 933
780 430
780 2033
1392 948
1392 1775
1392 691
1392 974
1392 962
1776 444
480 1801
425 895
425 1837
23 1500
2062 657
2062 450
2062 2051
2062 417
770 2375
1676 2307
500 588
1980 1599
1980 1223
644 1732
1065 1047
955 916
496 655
496 2228
44 816
44 406
44 472
44 1485
649 238
649 2378
1771 933
1338 895
1835 1800
946 1457
452 2079
452 657
452 925
452 1650
1315 1323
285 1256
2410 464
125 2147
1799 1873
1799 1815
1017 625
559 1092
559 837
559 612
2370 895
1331 2305
1331 316
1472 1619
112 2235
785 1480
785 1596
1566 555
1566 1016
1566 1046
1566 1515
1566 1138
766 470
766 2192
766 1380
766 144
766 193
766 1938
1295 300
521 2241
521 1386
521 190
521 552
1993 1905
869 46
869 88
869 1937
869 1301
530 1926
530 176
530 1129
211 2375
1857 1935
228 663
228 2010
228 1893
565 2002
565 370
565 1948
993 1717
993 2395
993 1852
9 1943
959 1035
959 1545
959 14
1545 2138
1925 307
789 1991
652 2156
1265 156
809 1902
1653 1991
2331 1268
2331 2240
2331 1167
24 1494
24 1156
24 1129
76 2305
76 316
407 2180
407 2259
407 1055
407 133
407 1177
407 2286
1506 2244
1665 313
1665 2415
491 43
491 1485
491 1504
1187 2425
1187 2137
1187 916
1306 482
1306 1554
1306 1301
1712 230
1712 2428
1712 1916
1712 1452
548 750
548 895
548 2154
548 483
548 572
913 1698
913 472
913 1485
100 948
100 1047
1345 1576
140 1641
1163 38
255 1216
255 1191
1962 1410
430 816
430 157
430 346
1412 1802
1412 427
1412 388
1412 1485
663 1893
663 819
738 340
738 1034
2210 1141
2210 945
2210 2198
367 1642
1612 958
1612 1059
1612 1103
1612 807
1612 1141
30 1217
30 166
1217 2027
1217 2010
2385 1361
2385 1531
2385 2341
41 1274
41 905
41 1861
41 2001
41 1918
1476 1410
1990 750
1899 1734
1899 14
2169 1825
2169 1559
2169 1264
896 1427
896 2332
1986 2160
1426 687
1657 307
1657 457
2238 1744
2238 2243
2238 1395
2238 361
2238 1573
1757 895
1757 2069
327 2096
327 1732
244 2010
1098 582
1098 781
1098 1425
1098 1902
1098 868
1020 178
672 1241
1682 2344
1483 746
1483 1833
1483 298
658 1401
658 933
658 2010
658 2309
2295 1197
1197 14
1633 272
1437 792
1473 1930
1473 52
1473 1983
1106 534
70 2053
1307 1223
1762 1821
1481 2250
1481 2157
1481 1080
1481 120
1481 1905
1481 2057
2275 10
883 1604
883 585
1789 655
2034 2067
1876 625
1989 1168
1989 1947
175 14
175 205
1246 2122
1246 2108
268 1940
268 1951
60 1978
60 1488
60 1130
1461 14
208 684
208 2208
208 2278
11 2388
11 35
1171 1149
1171 2170
1171 2085
1688 499
1688 867
1688 492
1688 2252
1688 2366
1688 1388
1688 1327
1688 2067
1267 929
57 1418
57 1130
1765 340
1765 10
1766 1679
922 1122
147 1642
147 2279
1391 205
1324 63
1324 709
413 534
763 2076
763 1500
2076 2120
2076 1500
2146 1348
2146 1603
2146 643
1161 1291
1161 612
1605 1902
358 1042
1319 1119
561 2104
561 14
2104 885
1353 267
1353 457
1353 14
2431 1747
2431 895
505 1322
205 334
205 1378
205 1342
205 73
1184 2243
2207 2112
1147 316
410 1159
410 364
410 962
410 1310
410 1284
488 1902
1341 318
1341 962
1341 300
1341 1637
1341 2130
80 470
408 655
408 318
1802 128
1802 1146
1802 1395
1802 2395
1802 1763
1802 542
1802 1917
1802 1009
1802 1938
1369 2010
325 655
2253 1447
2253 1594
2215 54
1963 727
246 1224
246 2208
246 1136
246 1284
1200 300
2177 1410
1540 939
98 728
98 1821
98 1299
98 2151
98 1554
98 2067
98 2378
1146 1764
1258 560
1258 2019
1258 679
1258 1697
1258 29
515 848
1459 426
698 848
698 1509
2219 296
1063 464
1063 924
421 1183
1901 1410
1111 655
1111 2428
552 190
552 762
552 2241
552 739
101 38
808 939
808 1902
808 1223
2282 1527
1409 1322
1409 87
1409 2128
877 895
736 575
2003 628
1772 1943
866 420
866 638
866 853
866 1889
1087 337
282 148
282 1632
282 1717
282 607
669 1902
2259 232
2259 1177
2259 133
2259 1577
2259 2180
2259 1504
823 2127
823 1322
568 1410
873 1763
873 1498
873 1083
110 372
110 38
1781 133
2236 436
2236 724
2236 1164
48 677
48 1977
48 1508
48 1648
48 123
48 622
48 2436
48 2021
1583 1251
1875 1410
1512 637
1512 42
1512 574
637 1292
637 42
1794 1162
1794 207
1794 1748
1996 1839
56 1
56 937
795 1595
795 694
795 2277
795 153
795 1979
795 915
795 805
795 779
718 952
718 634
718 2426
718 972
718 426
718 14
1377 574
1377 1893
202 2261
202 1485
1174 12
1174 2135
1174 14
1700 972
1700 2160
2070 2010
2070 470
2070 933
2058 2263
2058 848
1860 1642
1860 990
1533 1332
1533 478
1533 2358
1533 892
1533 1614
1533 1764
1622 301
222 1893
1007 1026
229 1165
229 2108
229 1967
229 878
2187 507
16 1027
16 1906
16 2095
180 1902
847 939
847 885
406 2184
406 574
406 1447
406 472
720 2222
720 1350
720 726
720 1708
720 1824
920 14
1985 1674
1985 751
2271 1646
716 1760
716 2185
716 2366
716 1396
716 1893
1740 403
1740 2047
1740 1178
2047 1640
2248 128
2248 62
2035 2085
2035 1167
901 201
901 1416
1550 2317
1550 1805
878 1311
878 1967
878 278
878 2108
878 1047
878 771
878 1480
826 1271
506 1001
506 195
152 1329
586 349
586 1230
15 481
15 29
15 843
15 1748
416 1031
416 300
1372 1071
1372 1477
1928 1782
495 2402
495 134
2402 134
756 2005
756 2128
756 1752
332 1833
332 746
332 2005
332 1585
332 641
332 1376
383 1028
383 1564
383 563
1376 655
1376 298
1376 1833
1376 641
1376 746
1376 1994
1376 1585
1376 2016
1777 510
1777 1724
2444 1136
2444 14
902 1320
902 1046
902 1798
971 304
971 1002
660 2308
660 1885
1177 133
1177 1055
1177 119
1177 1577
1177 2180
1052 1509
1498 1216
1498 1410
1498 2170
1498 1043
1498 2085
1498 2143
1498 1191
184 2308
184 1885
1770 848
2326 2428
1849 1780
1849 855
556 2400
1560 1268
1560 1145
1560 278
1560 2108
1560 151
1560 2354
151 1268
151 2354
123 1648
123 1977
123 1185
123 622
2227 1136
1661 2381
1661 2314
1661 1183
2135 2118
2135 176
2135 14
192 1821
192 541
1640 403
1759 2396
1060 1403
1118 1519
1118 2188
1118 1646
1716 2147
2396 1517
2396 1047
2396 1456
2396 1026
2396 2375
2396 930
2432 532
2432 1546
2371 750
499 2252
499 867
499 2366
499 1388
499 492
499 2067
2082 615
2136 1389
2136 113
2136 274
1257 2188
610 1255
2415 1329
2415 131
2415 2183
2413 513
2413 726
2413 2157
2413 1467
388 13
388 542
388 1569
388 1464
1623 220
1623 1950
1623 2395
1623 2360
1623 2183
1623 124
1562 426
2192 1635
2192 144
1050 2130
1050 918
1050 501
1445 274
1652 2010
1652 133
1574 625
1574 1167
1574 1289
852 934
2115 2332
2115 263
1832 124
1832 1419
1832 2205
1832 1730
1832 1035
1730 2317
1842 858
1842 109
1842 1154
1842 533
197 2028
197 1967
197 1468
2203 1588
2203 1019
460 2124
977 2087
977 8
977 146
977 779
1873 1815
232 1815
1263 1294
1263 428
1263 2144
1999 1093
1999 682
881 300
1282 2147
771 938
771 1264
771 1480
1455 1234
754 650
754 1568
754 2208
754 251
754 2061
754 464
754 924
754 2278
754 2272
2142 263
263 67
263 2225
263 437
263 63
263 298
207 1395
207 1573
613 1778
613 1847
613 297
937 215
215 238
215 1699
419 650
419 1954
419 384
419 2061
419 2435
419 2272
2349 1644
2349 1467
42 1292
42 31
42 1910
42 574
1304 939
1304 813
1192 472
1192 1485
709 721
709 1189
709 2304
709 157
721 63
1905 1080
1905 1229
790 2267
2267 46
109 1690
109 485
109 340
109 2102
109 1943
1479 787
1479 655
1539 1047
1539 1889
1153 1119
1153 1902
1153 2228
1153 797
537 1839
537 79
537 553
537 858
537 1100
845 836
845 252
845 1156
845 1129
1495 1872
1495 962
1495 532
183 2243
907 757
233 1902
791 472
791 1485
609 853
609 2149
1186 426
1330 1322
1330 1447
1330 1041
1330 947
1690 1129
1690 340
1690 1943
1690 1064
1428 1418
1768 435
1768 1591
742 1855
2340 1705
1975 1283
1975 84
1975 1001
1886 298
905 2001
905 1861
905 1572
905 1727
905 331
493 759
493 2161
2161 726
2161 749
2226 78
2226 827
2226 1035
2226 2138
1844 588
1844 542
2249 783
138 1348
138 1031
138 2154
138 1410
138 1234
138 1297
264 1727
264 331
1790 1170
104 2308
104 1885
1406 750
8 2010
8 1414
292 1241
2216 1420
2216 1967
2216 2209
2216 1554
1568 2208
1568 441
623 2318
2031 439
2031 36
2225 1779
2225 298
2225 14
774 2300
774 1453
774 307
144 1380
144 2322
144 1635
144 1416
231 1650
1024 1547
1024 73
1024 587
1995 859
1995 1852
1995 1344
1995 617
1995 2395
1995 1006
1995 1241
732 429
1482 939
1482 750
1482 1389
1482 274
2083 2016
1135 1589
1135 788
1135 284
1213 360
1213 253
1213 62
1213 740
1213 126
1213 106
1213 1921
1213 1613
1213 861
1636 1322
2374 300
501 1447
501 2357
501 918
501 1902
501 1003
1003 1845
1003 681
2307 655
2307 303
2307 1021
2307 1811
46 2001
46 174
46 88
88 174
88 1664
88 1301
88 14
533 858
533 553
58 1943
58 1343
209 2008
209 2059
209 1242
334 2403
334 2016
1906 52
1906 1858
1906 1027
1906 923
1906 1386
1940 63
1940 1646
1940 1679
1940 117
1940 1442
769 1678
2081 1159
2081 2435
1616 1930
1616 2095
1616 2378
444 964
444 1943
444 549
444 1095
793 1401
2184 260
485 2102
485 1034
485 1064
567 2016
567 378
567 2069
2069 378
2069 1634
2069 848
2069 1951
297 1350
297 507
677 1054
677 1943
677 1977
677 1648
677 2130
677 2243
677 712
677 1721
677 622
677 38
737 294
2399 858
2399 607
95 1701
95 1036
1519 1313
1519 1352
1519 1598
1519 553
1519 1036
1795 2010
1795 933
356 952
356 2424
356 1097
356 2027
2330 1395
2330 240
2330 1313
1463 195
1397 312
1397 1085
64 2301
605 1448
605 1363
605 2234
642 1678
1678 1029
1040 2129
201 1544
201 1416
1139 943
1226 1902
1226 1893
1625 1080
1625 816
1625 52
1625 1313
1625 1953
1625 1
1625 162
162 2157
162 2250
162 2195
1937 439
1937 174
1937 2021
265 1136
265 2096
1048 371
1048 898
1048 2439
351 2375
351 628
1057 2103
532 2130
532 79
964 705
964 549
287 684
287 1222
287 2208
287 2278
381 1320
190 1684
190 2241
1250 1241
1328 819
2348 895
2342 1902
662 2156
662 1047
662 900
662 2200
900 1822
91 2260
1879 657
1879 450
1847 1378
1847 417
34 1957
34 1212
1957 1212
752 1478
752 713
752 1382
800 1162
800 1224
800 1527
2049 1378
375 695
853 1503
853 638
853 420
1503 2149
1828 2208
2205 1884
2205 1419
2205 650
2205 2272
999 1183
999 2272
4 987
4 1157
2301 1385
1168 829
1168 1415
1168 14
1286 1541
872 1611
633 14
801 1000
801 1825
801 1264
801 625
713 1663
713 835
713 275
713 1322
713 2428
713 1542
713 1382
713 507
2090 29
2090 2188
2090 1096
2090 973
2090 1945
2090 426
2246 1125
2246 1268
2246 1951
956 1728
1728 82
2269 1216
2269 1271
696 2095
696 1679
296 1389
442 842
2195 1629
2195 1334
2195 1920
2138 1035
2138 2297
2138 14
1734 631
1734 477
2352 1313
641 1833
641 1585
641 746
641 1255
761 1702
835 1169
835 342
835 1247
835 2428
835 1172
835 2045
835 507
2045 1247
2045 1235
437 63
2291 816
2291 1931
2291 1343
2291 948
981 63
981 1427
981 298
321 314
1414 1701
2409 1485
2380 1268
2380 1394
2380 2354
2380 1287
2380 1389
2380 1624
2380 2272
269 240
269 1075
269 2087
269 146
489 1680
489 2344
489 2130
489 72
2107 1500
2107 827
385 655
934 1224
934 1827
934 2162
1752 1367
1752 1935
1752 90
1752 370
1752 1132
1752 1004
1752 2243
1752 94
1752 1190
1752 1167
423 691
423 1466
691 159
691 952
691 12
691 2214
691 1764
691 2188
691 1190
691 14
1569 1041
1569 2165
1569 1028
1569 2280
1569 1938
626 2284
626 1910
626 574
626 1509
626 14
606 128
606 1892
2030 1238
2030 974
2030 2079
2030 2089
2030 1945
2030 417
748 2185
748 1401
748 948
748 1727
748 1579
748 1735
748 331
748 843
748 1748
1016 1138
573 575
573 948
573 1378
573 417
618 938
618 2434
1166 12
1166 14
1462 962
1462 1447
1462 1041
1462 474
2038 1943
1780 855
1172 1214
1172 2014
1172 36
261 827
261 2314
261 841
2416 2208
2416 2077
2416 1902
2416 684
2416 2278
2124 14
750 1504
750 1301
870 2130
870 2344
870 1283
870 1872
870 1418
870 1178
870 1485
247 2084
247 1803
1831 346
2310 860
2159 574
503 1782
503 585
1972 2242
1972 2309
1972 1447
1972 2357
1972 166
667 2078
667 2258
667 1941
667 2130
667 1760
1749 939
1477 1686
1477 2164
298 1833
298 1585
298 1427
298 746
298 134
1838 684
1838 2208
1838 2278
855 1054
882 2112
882 1564
47 1943
963 569
963 1349
1664 909
1664 1301
538 1313
443 1447
443 1214
443 2357
2175 1322
119 1055
119 1821
119 2008
119 133
119 2180
1039 2312
724 1164
1164 89
1164 364
1164 1418
2129 1175
1148 354
1464 1169
1464 1389
1464 831
1529 2244
1529 1537
1529 527
1500 79
1500 1452
1500 1030
1500 582
1500 2051
1500 781
1500 1190
1500 185
1500 376
1500 597
350 1054
350 1035
51 1394
51 1268
51 2011
51 2354
51 1062
51 1646
51 797
51 597
1739 1075
1739 2087
1739 2172
1739 803
1739 409
1739 146
1739 240
1739 1941
1739 2065
1739 1590
117 1951
1389 2188
1389 1385
1389 389
1389 116
1389 1152
1389 409
1389 469
1389 888
1389 949
1389 656
1389 580
1389 113
1389 274
1389 560
1389 1509
1389 1323
1949 948
219 2258
219 1992
219 767
219 483
219 1417
219 417
1349 1881
1349 1967
550 1943
550 1064
1064 2102
1064 340
1064 1314
204 1350
204 655
204 1659
1868 912
1868 1713
1868 1061
1868 1611
1868 1042
49 1576
450 657
450 2051
1352 1313
1352 1041
1352 1598
338 571
571 2188
571 2323
2232 457
749 759
749 2292
749 588
514 177
514 2170
514 2085
1421 1395
1421 120
1421 1191
1421 2334
1518 2208
1518 39
1518 1917
1518 14
1010 120
1010 2001
1010 1274
1010 2027
1010 1889
1274 1572
1274 2001
1274 1861
1274 1902
1274 1918
2319 1329
2319 128
2319 1597
2319 1357
2319 1938
2319 1773
2362 973
2362 2247
2362 2160
1565 1597
1565 1357
1565 2261
1565 472
1565 1485
1501 1642
1501 797
1501 324
1501 2024
1501 457
1501 510
1501 1724
656 655
656 2439
656 624
949 831
258 14
1694 135
1694 1023
1335 1818
2180 133
2180 1055
2180 1577
2180 1130
2403 1902
541 1299
541 728
541 1821
541 2151
675 2152
675 2131
675 833
675 431
593 1869
593 1891
593 787
593 1537
65 1585
65 746
402 2235
402 1167
2120 1450
1189 2304
1189 2439
1575 2127
1575 607
1575 2292
607 1036
607 1527
607 858
607 1839
607 1224
607 1162
243 929
243 1313
243 115
243 2344
243 794
243 1001
700 1943
700 1343
700 1922
700 446
700 1709
700 1018
700 792
2051 185
2051 1047
2051 2428
2051 1314
2051 625
2073 2434
2073 803
2073 1047
2073 189
2073 1596
1439 1611
1920 1953
1920 925
1169 320
1169 1214
1169 585
1169 1247
1169 726
1169 1155
1169 230
1169 1970
1169 1350
1169 2428
1169 1415
1169 1235
1169 1452
1882 2337
1787 1524
1787 1709
1787 295
1787 1474
1787 341
1787 2039
1787 14
203 591
203 1997
203 1212
203 2234
1361 895
1361 1531
2023 768
2023 1188
2023 68
1055 133
1055 622
1055 1577
67 63
67 2147
1703 278
1703 472
1960 1136
1955 2428
1955 1820
1955 1235
1598 464
1598 1313
1598 159
1598 2240
1598 2239
386 90
386 2235
386 1594
386 1167
386 1289
136 687
136 2354
136 2278
1887 1646
1887 2208
1887 1425
1887 612
1425 582
1425 781
1425 2344
1425 2434
1425 1893
1917 1041
1917 962
1917 1294
1917 2144
1917 833
1917 2131
1917 431
1917 477
2055 1885
2055 2308
2055 581
557 582
557 1564
557 2240
1043 2033
