hW0Ne_HTHEAgGF1rAdmR-g 2006 3.5 1 8
hW0Ne_HTHEAgGF1rAdmR-g 2007 3.59459 1.0256 37
hW0Ne_HTHEAgGF1rAdmR-g 2008 3.29825 1.00812 57
hW0Ne_HTHEAgGF1rAdmR-g 2009 3.05455 1.25652 55
hW0Ne_HTHEAgGF1rAdmR-g 2010 3.22308 1.03229 130
hW0Ne_HTHEAgGF1rAdmR-g 2011 3.1553 1.08123 264
hW0Ne_HTHEAgGF1rAdmR-g 2012 3.28571 0.956495 287
hW0Ne_HTHEAgGF1rAdmR-g 2013 3.33333 0.471405 6
VVeogjZya58oiTxK7qUjAQ 2005 4.75 0.433013 4
VVeogjZya58oiTxK7qUjAQ 2006 3.7 1.18743 10
VVeogjZya58oiTxK7qUjAQ 2007 4.3 1.06927 30
VVeogjZya58oiTxK7qUjAQ 2008 4.18293 1.13833 82
VVeogjZya58oiTxK7qUjAQ 2009 3.99107 1.22106 112
VVeogjZya58oiTxK7qUjAQ 2010 3.85366 1.34002 164
VVeogjZya58oiTxK7qUjAQ 2011 3.93401 1.15794 197
VVeogjZya58oiTxK7qUjAQ 2012 3.9375 1.206 192
VVeogjZya58oiTxK7qUjAQ 2013 3.33333 0.471405 3
JokKtdXU7zXHcr20Lrk29A 2006 4.3 0.458258 10
JokKtdXU7zXHcr20Lrk29A 2007 3.90909 0.732933 22
JokKtdXU7zXHcr20Lrk29A 2008 4.36207 0.635129 58
JokKtdXU7zXHcr20Lrk29A 2009 4.14953 0.873319 107
JokKtdXU7zXHcr20Lrk29A 2010 4.42 0.723602 150
JokKtdXU7zXHcr20Lrk29A 2011 4.37745 0.773128 204
JokKtdXU7zXHcr20Lrk29A 2012 4.27119 0.860243 177
JokKtdXU7zXHcr20Lrk29A 2013 4.33333 0.471405 3
ntN85eu27C04nwyPa8IHtw 2006 4 0 5
ntN85eu27C04nwyPa8IHtw 2007 4.21429 1.04735 28
ntN85eu27C04nwyPa8IHtw 2008 3.77358 1.2833 53
ntN85eu27C04nwyPa8IHtw 2009 4.10377 1.01804 106
ntN85eu27C04nwyPa8IHtw 2010 3.96933 1.09893 163
ntN85eu27C04nwyPa8IHtw 2011 3.9878 1.13152 164
ntN85eu27C04nwyPa8IHtw 2012 4.01266 1.10801 158
ntN85eu27C04nwyPa8IHtw 2013 3.5 0.5 2
EWMwV5V9BxNs_U6nNVMeqw 2006 3.66667 0.745356 6
EWMwV5V9BxNs_U6nNVMeqw 2007 3.85714 0.989743 21
EWMwV5V9BxNs_U6nNVMeqw 2008 4.23596 0.874385 89
EWMwV5V9BxNs_U6nNVMeqw 2009 4.13008 0.873823 123
EWMwV5V9BxNs_U6nNVMeqw 2010 4.10135 0.949679 148
EWMwV5V9BxNs_U6nNVMeqw 2011 4.192 0.935487 125
EWMwV5V9BxNs_U6nNVMeqw 2012 4.13953 1.00189 129
EWMwV5V9BxNs_U6nNVMeqw 2013 2.75 1.47902 4
