labels 1 -1
-1 0.112674 0.887326
1 0.909171 0.0908286
1 0.981958 0.0180415
1 0.73035 0.26965
1 0.998715 0.00128503
-1 0.471379 0.528621
1 0.895215 0.104785
1 0.999513 0.000486654
-1 0.188949 0.811051
1 0.883233 0.116767
1 0.997366 0.00263427
1 0.898524 0.101476
1 0.862692 0.137308
1 0.84979 0.15021
1 0.909512 0.0904878
1 0.995631 0.00436946
1 0.909255 0.0907449
-1 0.00357213 0.996428
1 0.961151 0.0388488
1 0.883632 0.116368
1 0.999995 4.89635e-06
1 0.997115 0.0028853
1 0.966029 0.0339712
1 0.951525 0.048475
1 0.755021 0.244979
1 0.993757 0.00624311
-1 0.0599995 0.94
1 0.994814 0.00518588
1 0.994592 0.00540837
-1 0.485407 0.514593
1 0.998669 0.00133112
1 0.98505 0.0149502
1 0.662338 0.337662
1 0.998206 0.00179434
1 0.996708 0.00329243
1 0.563818 0.436182
1 0.933153 0.0668475
-1 0.0372603 0.96274
1 0.992702 0.00729812
1 0.999998 2.05995e-06
1 0.90993 0.0900699
1 0.993044 0.00695594
1 0.986866 0.0131335
1 0.992333 0.00766653
1 0.999446 0.000554186
1 0.761894 0.238106
1 0.629223 0.370777
1 0.999004 0.000995858
1 0.984532 0.0154675
-1 0.282154 0.717846
1 0.996632 0.00336833
1 0.901965 0.0980347
-1 9.39771e-06 0.999991
1 0.988801 0.0111986
1 0.972535 0.0274648
1 0.92411 0.07589
1 0.902866 0.0971338
1 0.994327 0.00567275
1 0.979321 0.0206791
1 0.999944 5.59564e-05
1 0.937705 0.0622954
1 0.985542 0.0144583
1 0.929798 0.0702024
-1 0.19407 0.80593
1 0.871927 0.128073
1 0.964009 0.0359908
1 0.959777 0.0402235
1 0.828597 0.171403
1 0.938099 0.0619013
-1 0.173372 0.826628
1 0.525084 0.474916
1 0.94853 0.0514703
1 0.991295 0.00870483
1 0.97047 0.0295302
-1 0.0124764 0.987524
1 0.879951 0.120049
-1 0.415168 0.584832
1 0.996649 0.00335114
1 0.704456 0.295544
1 0.971536 0.0284636
1 0.848845 0.151155
1 0.992879 0.00712085
1 0.998482 0.0015178
-1 0.120242 0.879758
1 0.864775 0.135225
1 0.739402 0.260598
1 0.857613 0.142387
1 0.966293 0.0337075
1 0.909394 0.0906059
-1 0.0126074 0.987393
1 0.909471 0.0905294
1 0.999846 0.000153529
1 0.909267 0.090733
1 0.999999 1.33894e-06
1 0.909436 0.0905643
1 0.953186 0.0468143
1 0.911385 0.0886145
-1 8.94811e-08 1
1 0.992872 0.00712797
1 0.99999 1.00497e-05
-1 0.0489459 0.951054
1 0.686329 0.313671
1 0.987369 0.0126309
1 0.812318 0.187682
1 0.935535 0.0644645
1 0.685115 0.314885
1 0.909529 0.0904713
1 0.831074 0.168926
1 0.999213 0.000787072
1 0.890322 0.109678
1 0.999985 1.51292e-05
1 0.909566 0.0904344
1 0.701171 0.298829
1 0.98409 0.0159104
-1 0.0348338 0.965166
1 0.91775 0.0822504
1 0.857115 0.142885
1 0.996493 0.00350697
-1 0.0122885 0.987712
1 0.838368 0.161632
-1 0.194709 0.805291
-1 4.95003e-06 0.999995
1 0.999732 0.000267809
-1 0.0941087 0.905891
-1 0.428843 0.571157
-1 0.0143163 0.985684
1 0.989228 0.0107719
1 0.999942 5.76718e-05
1 0.909338 0.090662
1 0.873366 0.126634
1 0.909904 0.0900959
1 0.822028 0.177972
-1 3e-14 1
1 0.983127 0.0168732
1 0.998847 0.00115276
-1 0.281576 0.718424
1 0.9115 0.0885001
1 0.871158 0.128842
1 0.909342 0.0906579
1 0.889943 0.110057
1 0.999989 1.12164e-05
1 0.737762 0.262238
1 0.885838 0.114162
-1 0.197217 0.802783
1 0.982001 0.0179988
1 0.581683 0.418317
-1 0.0968387 0.903161
1 0.633785 0.366215
1 0.997292 0.00270847
-1 0.24478 0.75522
-1 0.0228953 0.977105
1 0.710164 0.289836
-1 0.106723 0.893277
1 0.986526 0.0134741
1 0.999986 1.44128e-05
1 0.943522 0.0564784
1 0.969307 0.0306925
1 0.960946 0.0390537
1 0.575281 0.424719
1 0.984199 0.0158013
1 0.999378 0.000621608
1 0.865586 0.134414
-1 0.0885926 0.911407
1 0.999534 0.000466255
1 0.998637 0.00136329
1 0.934226 0.0657737
1 0.91022 0.0897796
1 0.982105 0.0178951
1 0.807965 0.192035
1 0.91161 0.0883904
1 0.989379 0.0106208
1 0.909774 0.0902265
1 0.908916 0.0910835
1 0.999967 3.29702e-05
-1 0.0119822 0.988018
-1 0.0896162 0.910384
1 0.877392 0.122608
-1 0.381123 0.618877
1 0.909826 0.0901739
1 0.995819 0.00418084
1 0.963138 0.036862
1 0.978461 0.021539
1 0.998295 0.00170496
1 0.971612 0.0283876
1 0.965426 0.0345738
1 0.807928 0.192072
1 0.997687 0.00231251
1 0.97202 0.0279801
1 0.959871 0.0401294
1 0.952663 0.0473374
1 0.96521 0.0347899
1 0.997137 0.00286302
1 0.999998 1.75789e-06
1 0.957824 0.0421759
1 0.716766 0.283234
1 0.999996 3.90804e-06
-1 0.444883 0.555117
1 0.963129 0.0368715
1 0.870608 0.129392
-1 0.017181 0.982819
-1 0.3082 0.6918
1 0.998745 0.00125535
-1 0.0805205 0.91948
1 0.529366 0.470634
1 0.999902 9.77382e-05
1 0.992551 0.00744916
-1 0.206982 0.793018
1 0.909775 0.0902247
1 0.737167 0.262833
1 0.998335 0.00166508
1 0.783264 0.216736
1 0.991316 0.00868449
1 0.98457 0.0154296
-1 0.239728 0.760272
1 0.909491 0.090509
1 0.64025 0.35975
1 0.931982 0.0680178
1 0.987734 0.0122663
1 0.998342 0.00165752
1 0.969381 0.0306187
-1 0.0934378 0.906562
-1 0.172822 0.827178
1 0.685515 0.314485
-1 0.00874136 0.991259
1 0.999791 0.000209019
1 0.953903 0.0460969
1 0.879303 0.120697
1 0.975468 0.0245322
-1 0.432231 0.567769
-1 0.00838119 0.991619
1 0.858602 0.141398
1 0.908821 0.0911788
1 0.909774 0.0902263
1 0.891097 0.108903
1 1 2.85798e-07
1 0.909389 0.0906106
1 0.999572 0.000427755
-1 0.0600867 0.939913
1 0.986854 0.0131463
1 0.998567 0.00143289
-1 0.218597 0.781403
-1 0.138635 0.861365
-1 0.0164115 0.983589
1 0.988266 0.0117335
1 0.971436 0.0285642
1 1 1e-07
1 0.996382 0.00361763
1 0.909133 0.0908668
1 0.972139 0.0278614
1 0.876319 0.123681
1 0.978369 0.0216309
1 0.999354 0.000645704
-1 0.455664 0.544336
1 0.724315 0.275685
1 0.936609 0.0633907
-1 0.015121 0.984879
1 0.995295 0.00470514
1 0.977993 0.0220068
1 0.872768 0.127232
1 0.97238 0.0276201
1 0.997528 0.00247204
1 0.603082 0.396918
1 0.909496 0.0905043
1 0.894974 0.105026
1 0.645559 0.354441
1 0.706001 0.293999
1 0.854731 0.145269
1 0.991322 0.00867833
1 0.90972 0.0902803
1 0.991634 0.00836577
1 0.90972 0.0902798
-1 0.0724115 0.927589
1 0.957049 0.042951
1 0.999021 0.000978761
1 0.601679 0.398321
1 0.972568 0.027432
-1 3.34561e-06 0.999997
1 0.99297 0.00702971
-1 0.00410181 0.995898
1 0.939527 0.060473
-1 1.18855e-07 1
1 0.940154 0.0598464
1 0.997433 0.00256704
1 0.998515 0.00148515
1 0.978004 0.021996
1 0.946796 0.0532043
1 0.876639 0.123361
1 0.948271 0.0517292
-1 0.0438105 0.956189
1 0.988834 0.0111662
1 0.998725 0.00127542
1 0.999554 0.000446011
1 0.948761 0.0512395
-1 0.228256 0.771744
1 0.999942 5.76876e-05
-1 0.344824 0.655176
1 0.744587 0.255413
-1 0.0305597 0.96944
1 0.944759 0.0552414
1 0.633051 0.366949
1 0.976572 0.0234284
-1 0.0931183 0.906882
-1 0.267466 0.732534
1 0.997232 0.00276785
-1 0.387351 0.612649
1 0.777016 0.222984
-1 0.118552 0.881448
1 0.909361 0.0906386
1 0.989586 0.0104136
1 0.999875 0.000124709
1 0.976492 0.023508
1 0.998947 0.00105317
1 0.94031 0.0596903
1 0.996069 0.00393066
1 0.885929 0.114071
1 0.942751 0.057249
1 0.943875 0.0561252
1 0.983614 0.0163862
1 0.996464 0.00353612
-1 0.287359 0.712641
1 0.9934 0.00659978
1 0.914954 0.0850456
1 0.919506 0.0804941
-1 0.323359 0.676641
-1 0.00348243 0.996518
1 0.999591 0.000409436
1 0.995033 0.00496655
-1 0.0866781 0.913322
-1 0.324436 0.675564
1 0.873756 0.126244
1 0.998547 0.00145323
-1 0.192172 0.807828
1 0.880567 0.119433
1 0.999514 0.000485968
1 0.956308 0.0436919
1 0.997925 0.00207525
1 0.968509 0.0314913
1 0.922931 0.0770685
1 0.71956 0.28044
1 0.909655 0.090345
1 0.988529 0.0114706
1 0.668053 0.331947
1 0.69553 0.30447
1 0.99605 0.00394998
1 0.997009 0.00299147
1 0.912427 0.0875727
1 0.999416 0.000584497
-1 0.150617 0.849383
1 0.999999 7.05426e-07
-1 0.325482 0.674518
1 0.909191 0.0908089
1 0.996428 0.00357196
1 0.999976 2.42317e-05
1 0.997841 0.00215852
1 0.954543 0.0454568
1 0.819165 0.180835
1 0.776015 0.223985
1 0.998713 0.00128748
-1 1.33681e-09 1
1 0.996531 0.00346863
1 0.999645 0.000355138
-1 0.0777442 0.922256
1 0.972196 0.0278038
-1 0.396613 0.603387
1 0.752821 0.247179
-1 0.0754076 0.924592
-1 0.112961 0.887039
1 0.999273 0.000726898
1 0.999984 1.56789e-05
1 0.970725 0.0292754
1 0.921674 0.0783258
1 0.793445 0.206555
1 0.508174 0.491826
1 0.991306 0.00869358
1 0.984518 0.0154821
1 0.999584 0.000415672
1 0.90124 0.0987602
1 0.999996 4.21816e-06
1 0.99937 0.000629777
1 0.999969 3.11154e-05
1 0.746019 0.253981
1 0.999925 7.53849e-05
1 0.909147 0.0908533
1 0.781598 0.218402
1 0.975814 0.024186
1 0.973041 0.0269588
1 0.93382 0.0661801
1 0.998046 0.00195383
1 0.729439 0.270561
1 0.96674 0.0332603
-1 0.386476 0.613524
1 0.956068 0.0439318
1 0.836141 0.163859
1 0.991041 0.00895862
1 0.658699 0.341301
1 0.999575 0.000424637
-1 1.82319e-06 0.999998
1 0.805685 0.194315
1 0.987783 0.0122166
1 0.726515 0.273485
1 0.994199 0.00580055
1 0.909863 0.0901372
1 0.909148 0.0908523
1 0.994445 0.00555523
1 0.995416 0.00458374
-1 0.222087 0.777913
1 0.563782 0.436218
1 0.916182 0.0838184
1 0.984543 0.0154573
1 0.973164 0.0268364
1 0.903457 0.0965435
1 0.910483 0.0895174
1 0.871335 0.128665
1 0.99955 0.000449856
1 0.984489 0.0155107
1 0.800218 0.199782
1 0.932697 0.0673026
1 0.999147 0.000853238
1 0.985758 0.0142419
1 0.997521 0.0024794
1 0.99329 0.00671043
1 0.971528 0.0284721
1 0.708977 0.291023
1 0.999957 4.27836e-05
1 0.942686 0.0573144
-1 0.00274947 0.997251
1 0.993377 0.00662258
1 0.922778 0.0772221
1 0.845488 0.154512
1 0.982141 0.0178587
1 0.945168 0.0548315
-1 0.0541315 0.945868
1 0.998801 0.00119879
1 0.99946 0.000540052
1 0.616546 0.383454
1 0.985006 0.0149939
1 0.957716 0.0422843
1 0.964389 0.0356114
1 0.913722 0.0862776
1 0.994157 0.00584257
1 0.991067 0.00893345
1 0.995048 0.00495209
-1 0.104465 0.895535
1 0.919078 0.0809216
1 0.999924 7.56593e-05
-1 0.368191 0.631809
1 0.991774 0.00822612
1 0.999222 0.000778228
1 0.999349 0.000651037
1 0.987359 0.0126415
1 0.99622 0.00377992
1 0.993707 0.00629341
1 0.857929 0.142071
1 0.910024 0.0899761
1 0.995466 0.00453438
1 0.989277 0.0107227
1 0.9395 0.0605
1 0.999613 0.000387375
1 0.995817 0.00418276
-1 0.0254833 0.974517
1 0.682179 0.317821
1 0.909313 0.0906872
1 0.982819 0.0171806
-1 0.0202468 0.979753
-1 0.338065 0.661935
1 0.739766 0.260234
1 0.997234 0.00276592
1 0.989456 0.0105438
1 0.692896 0.307104
1 0.894655 0.105345
1 0.992607 0.00739329
1 0.999951 4.94993e-05
-1 0.415343 0.584657
1 0.910223 0.0897772
1 0.996387 0.00361324
1 0.977735 0.0222653
-1 8.54915e-09 1
1 0.933921 0.0660793
1 0.997624 0.00237612
-1 0.0431908 0.956809
1 0.990245 0.00975462
1 0.965888 0.0341117
-1 0.101488 0.898512
1 0.996575 0.00342468
1 0.925538 0.074462
1 0.95559 0.04441
1 0.801827 0.198173
1 0.986951 0.0130486
1 0.938649 0.0613514
1 0.910676 0.0893237
1 0.99206 0.00793959
1 0.909787 0.090213
1 0.937859 0.0621406
1 0.981783 0.0182166
1 0.909891 0.0901089
1 0.898224 0.101776
1 0.779075 0.220925
1 0.994396 0.00560415
1 0.988368 0.0116318
-1 0.47053 0.52947
1 1 1.62685e-07
1 0.909832 0.0901681
-1 0.39543 0.60457
1 0.96748 0.0325204
1 0.589586 0.410414
1 0.947693 0.0523067
1 0.988927 0.0110725
1 0.999379 0.000621193
-1 0.126752 0.873248
1 0.700298 0.299702
-1 2.29959e-06 0.999998
-1 0.235107 0.764893
1 0.713431 0.286569
1 0.999779 0.000221355
1 0.91464 0.0853598
1 0.944969 0.0550315
1 0.909759 0.0902413
1 0.798099 0.201901
1 0.909358 0.0906417
1 0.983271 0.0167287
1 0.909836 0.0901635
1 0.991627 0.00837288
1 0.999982 1.76977e-05
-1 0.158922 0.841078
1 0.999503 0.000496581
-1 0.153931 0.846069
1 0.978405 0.021595
-1 0.0969441 0.903056
1 0.65787 0.34213
-1 0.178173 0.821827
1 0.890293 0.109707
1 0.998519 0.00148066
1 0.995462 0.00453809
1 0.999997 2.58756e-06
1 0.945053 0.0549473
-1 0.41279 0.58721
1 0.999714 0.000285512
1 0.969887 0.0301127
1 0.992981 0.00701917
1 0.95426 0.0457404
-1 3e-14 1
1 0.976142 0.0238575
1 0.950518 0.0494819
1 0.971895 0.0281052
1 0.999809 0.000191037
1 0.9991 0.000899551
1 0.823019 0.176981
1 0.938874 0.0611257
1 0.989753 0.0102474
-1 0.10546 0.89454
1 0.894453 0.105547
-1 0.0506924 0.949308
1 0.99974 0.000259501
1 0.994313 0.00568729
1 0.770726 0.229274
1 0.997825 0.00217508
1 0.881981 0.118019
1 0.980142 0.0198581
-1 0.00688582 0.993114
1 0.940691 0.0593085
1 0.909785 0.0902152
1 0.761456 0.238544
1 0.881646 0.118354
1 0.98533 0.0146704
1 0.994445 0.00555491
1 0.81602 0.18398
1 0.739815 0.260185
1 0.9991 0.000899627
1 0.994917 0.00508332
1 0.999093 0.000907083
1 0.834457 0.165543
1 0.999289 0.000710726
1 0.862496 0.137504
1 0.983442 0.0165583
1 0.940618 0.0593818
1 0.909757 0.090243
1 0.811451 0.188549
1 0.99085 0.00915026
1 0.984855 0.0151454
1 0.667855 0.332145
1 0.961075 0.0389247
1 0.978887 0.0211125
1 0.940151 0.0598486
1 0.994333 0.00566682
1 0.936837 0.0631627
-1 0.443626 0.556374
1 0.983298 0.0167025
1 0.589733 0.410267
1 0.885965 0.114035
-1 0.298033 0.701967
1 0.979172 0.0208284
1 0.970709 0.0292906
1 0.540607 0.459393
1 0.909026 0.0909744
1 0.684395 0.315605
-1 0.0743395 0.925661
1 0.826322 0.173678
1 0.90978 0.0902199
1 0.969347 0.0306527
1 0.993753 0.00624693
1 0.999999 7.13983e-07
-1 0.292132 0.707868
1 1 1e-07
-1 0.407989 0.592011
1 0.909453 0.0905472
-1 0.275972 0.724028
1 0.883335 0.116665
1 0.971046 0.0289537
1 0.996782 0.00321827
-1 0.0834412 0.916559
1 0.9897 0.0102998
1 0.997507 0.00249267
1 0.6326 0.3674
-1 0.284296 0.715704
1 0.802978 0.197022
1 0.987536 0.0124637
1 0.513499 0.486501
1 0.522314 0.477686
-1 0.224562 0.775438
-1 0.0129535 0.987046
1 0.999932 6.81084e-05
1 0.971989 0.0280113
1 0.847457 0.152543
1 0.96887 0.0311303
1 0.606292 0.393708
1 0.994071 0.005929
1 0.976272 0.0237282
-1 0.129562 0.870438
1 0.786031 0.213969
1 0.820257 0.179743
1 0.909575 0.0904252
1 0.882525 0.117475
-1 0.0189517 0.981048
1 0.95538 0.0446202
1 0.985528 0.0144724
1 0.973952 0.0260483
-1 0.197443 0.802557
1 0.997821 0.002179
1 0.978987 0.0210131
1 0.909454 0.0905464
-1 0.485168 0.514832
-1 1.63675e-05 0.999984
1 0.959598 0.0404019
-1 0.126015 0.873985
1 0.99496 0.00504034
1 0.980467 0.0195332
1 0.958935 0.0410654
-1 0.192703 0.807297
1 0.534889 0.465111
1 0.925586 0.0744143
-1 0.122142 0.877858
-1 7.84376e-11 1
1 0.649512 0.350488
1 0.982509 0.0174911
1 0.658168 0.341832
-1 0.466937 0.533063
-1 0.492215 0.507785
-1 0.153891 0.846109
1 0.919941 0.080059
1 0.974828 0.025172
1 0.991615 0.00838544
1 0.649457 0.350543
1 0.695191 0.304809
1 0.994157 0.00584325
1 0.998022 0.00197848
1 0.950168 0.0498321
1 0.832623 0.167377
1 0.973407 0.0265933
1 0.979391 0.0206091
1 0.999588 0.000411547
1 0.973469 0.0265308
1 0.859945 0.140055
1 0.987826 0.0121737
1 0.997822 0.00217775
1 0.998933 0.00106677
1 0.744197 0.255803
-1 0.00350243 0.996498
1 0.920534 0.0794659
1 0.966251 0.0337485
-1 0.307992 0.692008
1 0.598609 0.401391
1 0.92934 0.0706599
-1 0.294258 0.705742
1 0.78062 0.21938
1 0.979636 0.0203638
1 0.809066 0.190934
1 0.973554 0.0264459
1 0.909419 0.0905811
1 0.994701 0.00529927
1 0.999963 3.70294e-05
1 0.815101 0.184899
1 0.960456 0.0395438
1 0.999999 8.83902e-07
1 0.995441 0.00455937
-1 0.0041284 0.995872
1 0.90942 0.0905796
1 0.914484 0.0855164
1 0.929731 0.070269
1 0.991287 0.00871257
-1 0.152711 0.847289
1 0.999991 8.9863e-06
1 0.999201 0.000798803
1 0.949112 0.0508882
-1 0.439733 0.560267
1 0.911517 0.0884831
1 0.991871 0.00812935
1 0.889688 0.110312
-1 0.183154 0.816846
1 0.990969 0.00903109
1 0.999823 0.000177336
1 0.952385 0.0476153
1 0.992971 0.00702868
1 0.877512 0.122488
1 0.943442 0.0565584
1 0.901557 0.0984427
1 0.863442 0.136558
1 0.999504 0.000496104
1 0.909688 0.0903116
1 0.909307 0.0906933
1 0.959775 0.0402248
-1 0.400033 0.599967
1 0.933171 0.0668286
-1 8.34349e-09 1
1 0.999489 0.000510634
1 0.986167 0.0138331
1 0.956806 0.0431935
1 0.676859 0.323141
1 0.993902 0.00609775
1 0.988591 0.0114087
-1 0.30079 0.69921
-1 7.8686e-08 1
-1 0.0151318 0.984868
1 0.845169 0.154831
-1 0.201087 0.798913
1 0.903218 0.0967819
-1 0.473186 0.526814
1 0.854554 0.145446
-1 0.290234 0.709766
1 0.998643 0.0013575
1 0.909199 0.0908009
1 0.915744 0.0842557
1 0.999067 0.000933011
1 0.706716 0.293284
1 0.963846 0.0361538
-1 0.0867497 0.91325
1 0.922056 0.0779437
1 0.909415 0.0905849
1 0.93541 0.0645902
1 0.90916 0.0908395
1 0.923586 0.0764135
1 0.909122 0.0908777
1 0.985133 0.0148668
-1 0.0523017 0.947698
1 0.999731 0.000268885
1 0.968215 0.0317852
1 0.999995 5.17946e-06
1 0.872012 0.127988
1 0.997922 0.00207849
1 0.999979 2.06732e-05
1 0.999937 6.34871e-05
1 0.82617 0.17383
-1 0.0922122 0.907788
1 0.949377 0.0506231
1 0.993888 0.00611176
1 0.89893 0.10107
1 0.993659 0.00634134
1 0.942135 0.0578646
1 0.999861 0.000138631
1 0.995803 0.00419747
1 0.999975 2.50426e-05
1 0.544627 0.455373
1 0.523122 0.476878
1 0.900089 0.0999113
1 0.964117 0.0358825
1 0.999005 0.000995442
1 0.592434 0.407566
1 0.999035 0.000965122
-1 0.243678 0.756322
-1 0.00602568 0.993974
1 0.990168 0.00983247
1 0.996941 0.00305899
-1 0.00614485 0.993855
1 0.994163 0.00583709
-1 2.77696e-06 0.999997
-1 0.0174652 0.982535
1 0.960123 0.0398771
-1 0.483785 0.516215
1 0.995233 0.00476722
1 0.977339 0.0226614
1 0.949755 0.0502446
1 0.999912 8.79669e-05
1 0.97335 0.0266497
1 0.99949 0.000509938
1 0.951776 0.0482236
-1 0.0203855 0.979614
1 0.986488 0.0135121
-1 0.241213 0.758787
1 0.999996 4.32734e-06
1 0.958754 0.0412461
-1 0.00554945 0.994451
-1 0.0770798 0.92292
1 0.522498 0.477502
-1 0.175539 0.824461
1 0.754282 0.245718
1 0.995036 0.00496381
-1 0.0302595 0.969741
1 0.910487 0.0895127
1 0.562684 0.437316
1 0.999643 0.000357466
1 0.806669 0.193331
1 0.963968 0.0360321
1 0.667432 0.332568
1 0.909932 0.0900684
-1 0.0263499 0.97365
1 0.940056 0.0599437
1 0.909952 0.0900482
-1 0.0993524 0.900648
-1 0.42197 0.57803
1 0.868065 0.131935
1 0.940111 0.0598891
1 0.999801 0.00019916
1 0.972108 0.0278917
1 0.979361 0.0206392
1 0.995715 0.00428476
1 0.868271 0.131729
1 0.543499 0.456501
-1 3.46974e-06 0.999997
-1 0.183227 0.816773
1 0.924559 0.0754408
1 0.937945 0.0620553
1 0.994493 0.00550664
1 0.98613 0.01387
-1 0.161262 0.838738
1 0.990545 0.00945479
1 0.999716 0.000284178
1 0.951544 0.0484563
1 0.98035 0.0196496
1 0.999729 0.000270732
1 0.921954 0.0780462
1 0.947059 0.0529412
1 0.997601 0.00239872
1 0.999848 0.000152171
1 0.981036 0.0189637
1 0.909377 0.0906226
1 0.989443 0.0105574
1 0.657745 0.342255
1 0.999533 0.000466879
1 0.999992 7.9256e-06
1 0.999558 0.000441715
1 0.993424 0.00657598
1 0.967984 0.0320158
1 0.996025 0.00397548
1 0.999475 0.000524643
1 0.939172 0.0608285
1 0.913999 0.0860009
1 0.972237 0.0277633
1 0.997106 0.00289366
-1 0.399847 0.600153
1 0.999647 0.000352638
-1 0.0686099 0.93139
1 0.989901 0.0100992
1 0.975206 0.0247942
1 0.855021 0.144979
1 0.998253 0.00174674
1 0.999968 3.24977e-05
1 0.988458 0.0115418
1 0.989667 0.0103329
1 0.967081 0.0329191
-1 0.026615 0.973385
1 0.980602 0.0193983
1 0.999988 1.15961e-05
1 0.999981 1.91543e-05
1 0.995474 0.00452613
1 0.997685 0.00231469
1 0.919772 0.0802283
1 0.700562 0.299438
1 0.99662 0.00337984
1 0.943846 0.0561538
-1 0.00379131 0.996209
-1 0.0345297 0.96547
1 1 1e-07
1 0.90975 0.0902496
1 0.993185 0.00681463
1 0.995205 0.00479495
1 0.994943 0.00505693
1 0.909624 0.0903756
-1 0.0474114 0.952589
1 0.995664 0.00433635
1 0.977338 0.0226619
1 0.67237 0.32763
1 0.695217 0.304783
1 0.996344 0.00365553
1 0.789574 0.210426
1 0.969937 0.0300627
-1 0.311075 0.688925
1 0.99997 3.01002e-05
1 0.678667 0.321333
-1 0.406675 0.593325
-1 0.0670391 0.932961
1 0.9879 0.0121001
1 0.999972 2.80656e-05
1 0.999989 1.11076e-05
1 0.982687 0.017313
1 0.996987 0.00301327
1 0.979365 0.0206355
1 0.999214 0.000785818
-1 0.00376096 0.996239
1 1 1e-07
1 0.67046 0.32954
-1 0.0240346 0.975965
1 0.825963 0.174037
1 0.992161 0.00783857
-1 0.0596689 0.940331
-1 0.4005 0.5995
-1 0.353977 0.646023
1 0.979888 0.0201115
1 0.998909 0.00109125
1 0.990185 0.00981483
1 0.995995 0.00400504
-1 4.52549e-08 1
1 0.909837 0.0901632
1 0.88292 0.11708
1 0.999995 5.32728e-06
1 0.978102 0.0218981
1 0.984691 0.0153086
1 0.996228 0.00377199
1 0.945275 0.0547248
1 0.952248 0.0477517
-1 0.347033 0.652967
1 0.724375 0.275625
1 0.892342 0.107658
1 0.999668 0.000331906
1 0.988533 0.0114665
1 1 1e-07
1 0.90967 0.0903301
-1 0.277154 0.722846
-1 0.292246 0.707754
1 0.927309 0.0726909
1 0.909086 0.0909141
1 0.998471 0.0015285
1 0.911407 0.0885932
1 0.91569 0.0843104
1 0.998441 0.00155893
-1 0.486276 0.513724
1 0.997459 0.00254099
1 0.969833 0.0301668
-1 0.457142 0.542858
1 0.89616 0.10384
1 0.997548 0.00245159
1 0.748159 0.251841
1 0.793912 0.206088
1 1 4.50377e-07
1 0.930384 0.0696165
1 0.9093 0.0907002
1 0.915118 0.0848817
1 0.905796 0.0942044
1 0.965967 0.0340328
1 0.909546 0.0904541
1 0.855644 0.144356
1 0.996428 0.00357231
-1 1.03376e-06 0.999999
-1 0.379704 0.620296
1 0.528078 0.471922
1 0.944301 0.0556991
1 0.994909 0.00509074
1 0.981397 0.0186028
1 0.984929 0.0150709
1 0.840572 0.159428
1 0.996673 0.00332665
1 0.850514 0.149486
1 0.972442 0.0275583
1 0.901758 0.0982424
1 0.959525 0.0404747
-1 0.0593854 0.940615
-1 0.358611 0.641389
1 0.909492 0.0905079
1 0.996262 0.00373763
1 0.998857 0.00114326
1 0.885015 0.114985
1 0.998822 0.00117758
1 0.994268 0.00573162
1 0.94037 0.0596305
1 0.992523 0.00747677
1 0.941357 0.0586435
1 0.990172 0.00982826
1 0.999114 0.000885703
1 0.950059 0.0499415
1 0.80927 0.19073
1 0.90907 0.0909298
1 0.984855 0.0151451
-1 0.1423 0.8577
-1 0.0663918 0.933608
1 0.999999 7.93586e-07
1 0.969057 0.0309427
1 0.665588 0.334412
1 0.999516 0.00048355
1 0.94412 0.0558802
1 0.949969 0.0500306
-1 0.395842 0.604158
1 0.997209 0.00279117
1 0.704218 0.295782
1 0.913914 0.086086
-1 0.322081 0.677919
1 0.984188 0.0158124
1 0.987751 0.0122493
1 0.993892 0.00610777
1 0.910391 0.0896087
1 0.934945 0.0650554
1 0.998365 0.00163524
1 0.976677 0.0233228
-1 0.126222 0.873778
1 0.881338 0.118662
1 0.908935 0.0910654
1 0.982822 0.017178
1 0.914451 0.0855495
1 0.979248 0.0207525
1 0.993174 0.00682563
1 0.888204 0.111796
1 0.887871 0.112129
1 0.998533 0.00146652
1 0.998471 0.00152907
1 0.941403 0.0585975
-1 0.283364 0.716636
-1 1.0352e-07 1
-1 0.0806909 0.919309
1 0.999385 0.000615145
1 0.971587 0.0284127
1 0.987479 0.0125211
1 0.994994 0.00500644
1 0.97628 0.0237205
-1 0.444269 0.555731
1 0.999986 1.35433e-05
1 0.962387 0.0376128
1 0.999656 0.000343862
1 0.917017 0.0829828
1 0.836169 0.163831
1 0.968576 0.0314236
1 0.856685 0.143315
1 0.517573 0.482427
-1 0.352835 0.647165
1 0.991996 0.00800396
1 0.994002 0.00599846
1 0.910118 0.0898819
-1 0.0028265 0.997173
1 0.988965 0.0110351
1 0.849343 0.150657
1 0.904347 0.0956525
1 0.910122 0.0898776
1 0.999971 2.86808e-05
1 0.99695 0.00305025
1 0.999404 0.00059648
1 0.916052 0.0839481
1 0.996112 0.00388835
1 0.821856 0.178144
1 0.984812 0.0151875
1 0.758266 0.241734
1 0.909229 0.0907713
1 0.936239 0.0637611
1 0.802287 0.197713
1 0.766198 0.233802
1 0.836958 0.163042
1 0.998867 0.00113302
1 0.950959 0.0490405
1 0.999999 5.01166e-07
1 0.987678 0.0123216
-1 0.433626 0.566374
1 0.997656 0.00234354
-1 0.00657548 0.993425
-1 0.0356698 0.96433
1 0.989307 0.010693
1 0.910271 0.0897295
1 0.587772 0.412228
1 0.733368 0.266632
1 0.955014 0.0449865
1 0.980376 0.0196237
1 0.989745 0.010255
1 0.934877 0.0651227
1 0.876177 0.123823
1 0.909354 0.0906463
1 0.965698 0.0343016
1 0.927451 0.0725489
1 0.94294 0.0570603
1 0.972274 0.0277259
1 0.994885 0.00511476
-1 0.145899 0.854101
1 0.988129 0.0118708
1 0.98923 0.01077
1 0.957679 0.0423208
1 0.96574 0.0342596
1 0.912401 0.087599
1 0.910106 0.0898945
1 0.999282 0.000717842
1 0.928948 0.0710522
1 0.993272 0.00672818
1 0.944159 0.0558414
1 0.80965 0.19035
1 0.836344 0.163656
1 0.999613 0.000387295
1 0.864003 0.135997
1 0.959722 0.0402775
-1 0.0322093 0.967791
1 0.999994 6.2812e-06
1 0.945808 0.0541918
-1 0.0898499 0.91015
1 0.945556 0.0544442
1 0.941146 0.0588536
1 0.93958 0.0604202
1 0.982369 0.0176312
1 0.899277 0.100723
-1 0.0102199 0.98978
1 0.999894 0.000106177
1 0.565323 0.434677
1 0.974782 0.0252176
1 0.705867 0.294133
1 0.908992 0.0910084
1 0.975551 0.0244495
1 0.938816 0.061184
-1 0.0923805 0.907619
1 0.857884 0.142116
1 0.989248 0.0107517
1 1 1.72323e-07
1 0.982445 0.0175549
1 0.980463 0.019537
1 0.987874 0.0121259
1 0.667484 0.332516
1 0.997718 0.00228235
1 0.661986 0.338014
-1 0.178032 0.821968
1 0.808681 0.191319
1 0.944673 0.055327
1 0.998171 0.00182911
1 0.997161 0.00283881
1 0.585226 0.414774
1 0.99286 0.0071399
1 0.992147 0.00785272
1 0.997417 0.00258286
-1 0.00591271 0.994087
1 0.872012 0.127988
1 0.955474 0.0445263
1 0.978052 0.0219481
1 0.909427 0.0905731
1 0.999948 5.18183e-05
1 0.996619 0.00338146
1 0.999996 3.50762e-06
1 0.987584 0.0124157
-1 0.00356836 0.996432
-1 0.460256 0.539744
1 0.91015 0.0898496
-1 0.0638535 0.936146
1 0.909228 0.0907717
1 0.993507 0.00649315
1 0.990523 0.00947661
1 0.998001 0.00199851
1 0.940329 0.0596711
1 0.909742 0.0902575
1 0.594984 0.405016
1 0.95741 0.0425905
1 0.963478 0.0365216
1 0.909583 0.0904174
-1 0.476009 0.523991
1 0.988033 0.0119668
1 0.999403 0.000597291
-1 0.010265 0.989735
1 0.910692 0.0893078
1 1 4.94882e-07
1 0.999206 0.000793905
1 0.892457 0.107543
1 0.984125 0.0158746
1 0.711746 0.288254
1 0.999458 0.000541881
1 0.933726 0.0662739
1 0.997662 0.00233849
1 0.989355 0.0106449
1 0.827639 0.172361
1 0.85509 0.14491
1 0.669428 0.330572
1 0.993958 0.00604189
1 0.860015 0.139985
1 0.837413 0.162587
-1 2.86749e-06 0.999997
1 0.979293 0.0207066
1 0.761655 0.238345
1 0.986814 0.0131856
1 0.979175 0.0208247
1 0.909949 0.0900507
1 0.999948 5.23487e-05
1 0.933491 0.0665087
1 0.998412 0.00158839
1 0.944495 0.0555054
1 1 1e-07
1 0.999976 2.40912e-05
1 1 1e-07
-1 0.0706017 0.929398
1 0.909089 0.0909111
1 0.952097 0.0479026
1 0.999967 3.3251e-05
1 0.998804 0.00119565
1 0.936934 0.063066
1 0.978331 0.0216694
-1 0.0676978 0.932302
1 0.999942 5.82473e-05
1 0.910253 0.0897474
1 0.990637 0.00936324
1 0.999078 0.000921918
1 0.909125 0.0908751
1 0.982253 0.0177472
-1 0.414921 0.585079
1 0.997029 0.00297081
-1 0.343428 0.656572
1 0.996182 0.0038176
1 0.911136 0.0888637
1 0.785702 0.214298
1 1 1.01036e-07
-1 0.086967 0.913033
-1 0.0453165 0.954683
1 0.809572 0.190428
-1 0.0208771 0.979123
-1 5.04853e-06 0.999995
1 0.939394 0.0606057
1 0.589946 0.410054
1 0.999862 0.000137727
-1 0.06783 0.93217
1 0.570639 0.429361
-1 0.310007 0.689993
1 0.848335 0.151665
1 0.99979 0.000209717
-1 0.344377 0.655623
1 0.833407 0.166593
1 0.878622 0.121378
1 0.799102 0.200898
1 0.538231 0.461769
1 0.974301 0.0256989
1 0.96734 0.0326605
1 0.985583 0.0144172
-1 0.00324618 0.996754
1 0.666626 0.333374
1 0.994428 0.0055723
1 0.973526 0.0264739
1 0.839002 0.160998
-1 0.00702541 0.992975
1 0.97358 0.0264205
1 0.997102 0.0028981
1 0.712684 0.287316
1 0.997419 0.00258051
1 0.998989 0.00101063
1 0.975886 0.0241138
1 0.685903 0.314097
1 0.994742 0.00525835
1 0.99332 0.00667996
1 0.672609 0.327391
1 0.805452 0.194548
-1 0.220863 0.779137
-1 0.331202 0.668798
-1 0.365268 0.634732
1 0.936032 0.0639677
1 0.858537 0.141463
1 0.897152 0.102848
1 0.900096 0.0999041
1 0.535616 0.464384
1 1 1e-07
1 0.910405 0.0895947
1 0.947335 0.0526652
1 0.999943 5.68135e-05
1 0.951815 0.0481852
1 0.964351 0.0356485
1 0.995978 0.00402166
1 0.99564 0.00435978
1 0.921102 0.0788977
1 0.979528 0.0204723
1 0.999976 2.38171e-05
-1 0.00851098 0.991489
1 0.992838 0.00716157
1 0.952054 0.047946
1 0.777271 0.222729
1 0.936396 0.0636044
-1 0.401686 0.598314
1 0.956357 0.0436433
1 0.994724 0.00527561
1 0.935349 0.0646512
1 0.975432 0.0245683
-1 0.00534385 0.994656
-1 0.491179 0.508821
-1 0.309163 0.690837
1 0.90904 0.0909602
1 0.939918 0.0600816
-1 0.0622768 0.937723
-1 0.0998695 0.90013
1 0.938291 0.0617089
-1 0.0815559 0.918444
-1 0.346596 0.653404
1 0.936564 0.063436
-1 0.249305 0.750695
-1 0.304462 0.695538
1 0.582673 0.417327
-1 0.175775 0.824225
1 0.762603 0.237397
1 0.991264 0.0087361
1 0.922668 0.0773324
1 0.999999 1.43476e-06
1 0.994201 0.00579947
1 0.933392 0.0666085
1 0.994907 0.00509294
1 0.909937 0.090063
1 0.946074 0.0539264
1 0.835927 0.164073
-1 0.197914 0.802086
1 0.992798 0.0072016
1 0.789454 0.210546
1 0.923338 0.0766616
-1 0.316518 0.683482
1 0.909858 0.0901417
1 0.999941 5.93622e-05
1 0.910148 0.089852
1 0.979329 0.0206712
1 0.999155 0.000845142
1 0.94017 0.0598305
1 0.953942 0.0460575
1 0.999475 0.000524759
1 0.56795 0.43205
1 0.928736 0.0712635
1 0.998861 0.00113944
1 0.938453 0.0615467
1 0.93919 0.0608102
1 0.950186 0.0498135
-1 0.221616 0.778384
1 0.99952 0.000479932
1 0.830112 0.169888
1 0.909999 0.0900014
-1 0.210715 0.789285
-1 1.43596e-05 0.999986
1 0.983105 0.0168946
1 0.941118 0.0588821
1 0.989 0.0110002
1 0.875974 0.124026
1 0.909123 0.0908768
1 0.999952 4.77044e-05
1 0.999681 0.00031883
1 0.618686 0.381314
1 0.909178 0.0908223
-1 8.4889e-07 0.999999
1 0.878741 0.121259
1 0.793342 0.206658
1 0.99919 0.000810014
1 0.974143 0.0258566
1 0.914219 0.0857815
1 0.940026 0.0599736
1 0.997673 0.00232666
1 0.999959 4.12812e-05
1 0.908841 0.0911587
1 0.990216 0.00978413
-1 0.228642 0.771358
1 0.883694 0.116306
1 0.99579 0.00421034
-1 0.387696 0.612304
1 0.98367 0.0163304
1 0.837263 0.162737
1 0.999024 0.000975886
1 0.979375 0.0206255
1 0.990418 0.00958159
-1 0.428428 0.571572
1 0.612595 0.387405
1 0.629907 0.370093
1 0.991842 0.008158
1 0.991867 0.00813264
1 0.99884 0.00115961
-1 0.0064265 0.993574
1 0.999097 0.000902614
1 0.890844 0.109156
1 0.927398 0.0726017
1 0.999134 0.000866461
1 0.98636 0.0136401
1 0.909512 0.0904881
1 0.986367 0.0136333
1 0.56755 0.43245
1 0.987527 0.0124728
1 0.909408 0.0905922
1 0.919912 0.0800877
1 0.655532 0.344468
1 1 2.65647e-07
1 0.972445 0.0275549
-1 0.357443 0.642557
1 0.994645 0.00535526
1 0.938609 0.0613906
-1 0.157193 0.842807
1 0.982555 0.0174451
1 0.999918 8.21481e-05
1 0.987314 0.0126856
1 0.998297 0.00170345
1 0.996601 0.00339891
1 0.789506 0.210494
1 0.933915 0.0660846
1 0.965225 0.034775
-1 0.0127627 0.987237
1 0.993236 0.0067635
-1 0.115438 0.884562
1 0.998899 0.00110074
1 0.921241 0.0787595
1 0.993735 0.0062652
1 0.999452 0.000547772
1 0.97488 0.0251195
-1 0.483701 0.516299
-1 0.0248875 0.975113
1 0.987659 0.0123411
-1 0.0160436 0.983956
1 0.994068 0.00593226
1 0.858818 0.141182
-1 0.221058 0.778942
1 0.986213 0.013787
1 0.999022 0.000977831
1 0.908932 0.091068
1 0.999341 0.000658775
1 0.99972 0.000280206
1 0.909874 0.0901257
1 0.959467 0.0405335
1 0.998374 0.00162622
1 0.978928 0.0210719
1 0.909539 0.0904606
-1 0.358328 0.641672
1 0.999705 0.000295121
1 0.975782 0.0242184
-1 0.39498 0.60502
-1 0.18284 0.81716
1 0.998791 0.00120925
-1 0.234637 0.765363
-1 0.067093 0.932907
1 0.986483 0.0135171
-1 0.00427598 0.995724
1 0.902925 0.0970745
1 0.999628 0.000371819
-1 0.0625202 0.93748
1 0.985447 0.0145527
-1 0.176149 0.823851
1 0.886093 0.113907
1 0.999531 0.000468551
1 0.984446 0.0155538
1 0.874929 0.125071
1 0.658758 0.341242
-1 0.135629 0.864371
1 0.999177 0.000823222
-1 0.292835 0.707165
1 0.94119 0.0588101
-1 0.146665 0.853335
1 0.964328 0.0356721
-1 0.0198758 0.980124
1 0.999906 9.43901e-05
1 0.846497 0.153503
1 0.972251 0.0277486
1 0.999253 0.000746725
-1 0.396011 0.603989
1 0.999977 2.31363e-05
1 0.922287 0.0777129
1 0.860211 0.139789
-1 0.294517 0.705483
-1 6.13915e-06 0.999994
1 0.769689 0.230311
-1 0.136182 0.863818
1 0.929786 0.0702136
1 0.998216 0.00178389
1 0.984958 0.0150422
1 0.999991 8.84064e-06
1 0.99832 0.00168045
1 0.831747 0.168253
1 0.8601 0.1399
1 0.897337 0.102663
1 0.909119 0.0908806
1 0.909646 0.0903538
1 0.97761 0.0223904
-1 0.111808 0.888192
1 0.901256 0.0987437
1 0.999675 0.000325259
1 0.99989 0.000110221
1 0.999997 2.94657e-06
1 0.909177 0.090823
1 0.991409 0.00859096
1 0.919212 0.0807879
-1 0.452108 0.547892
-1 0.293591 0.706409
-1 0.412559 0.587441
1 0.883479 0.116521
1 0.96102 0.0389802
1 0.938012 0.0619882
1 0.997392 0.00260808
1 0.995852 0.00414808
1 0.986527 0.0134732
1 0.994097 0.0059026
1 0.620645 0.379355
1 0.973062 0.0269383
1 0.999895 0.000105243
1 0.789469 0.210531
1 0.870078 0.129922
1 0.987006 0.0129943
-1 0.153878 0.846122
1 0.909913 0.0900867
1 0.798745 0.201255
1 0.959643 0.0403573
1 0.866845 0.133155
1 0.76209 0.23791
1 0.994035 0.00596545
1 0.98 0.02
1 0.942611 0.0573894
1 1 1e-07
1 0.704897 0.295103
1 0.958165 0.0418355
1 0.981858 0.0181417
1 0.993413 0.00658662
-1 0.135177 0.864823
1 0.989671 0.0103285
1 0.985754 0.0142464
-1 0.180996 0.819004
1 0.989224 0.0107758
1 0.999728 0.000272008
1 0.850436 0.149564
1 0.982047 0.0179526
-1 1.33646e-05 0.999987
1 0.991222 0.0087776
-1 0.128302 0.871698
1 0.900573 0.0994268
-1 0.0785578 0.921442
1 0.999943 5.6881e-05
1 0.986775 0.0132248
1 0.621535 0.378465
-1 0.144733 0.855267
1 0.908205 0.0917947
1 0.986354 0.0136462
-1 0.0331545 0.966846
-1 0.0899984 0.910002
1 0.884846 0.115154
1 0.909667 0.0903328
-1 0.051684 0.948316
1 0.994843 0.0051568
1 0.998966 0.00103351
1 0.635233 0.364767
1 0.992942 0.00705783
-1 0.0908502 0.90915
1 0.910781 0.0892188
-1 0.267896 0.732104
1 0.985011 0.0149891
1 0.94113 0.0588702
1 0.999991 8.94876e-06
1 0.999795 0.000205494
1 0.917303 0.0826973
-1 1.04181e-10 1
1 0.978351 0.0216488
1 0.66632 0.33368
1 0.999946 5.43096e-05
1 0.985986 0.0140142
1 0.932723 0.0672768
1 0.909683 0.0903171
1 0.935445 0.0645547
1 0.985694 0.0143062
1 0.706936 0.293064
1 0.999681 0.000318658
-1 0.242474 0.757526
1 0.705178 0.294822
1 0.970208 0.0297921
1 0.911472 0.0885278
1 0.992766 0.0072343
1 0.939724 0.0602759
1 0.998881 0.00111912
1 0.980823 0.019177
-1 0.437366 0.562634
1 0.939479 0.0605206
1 0.993714 0.0062855
1 0.998205 0.00179502
1 0.993151 0.00684862
1 0.909804 0.0901964
1 0.991733 0.0082672
1 0.960576 0.0394239
1 0.979034 0.0209656
1 0.981686 0.0183144
1 0.995909 0.00409149
1 0.813509 0.186491
1 0.963801 0.0361989
1 0.996267 0.00373299
-1 0.401652 0.598348
1 0.951852 0.0481483
1 0.909827 0.090173
1 0.989776 0.010224
1 0.985705 0.0142953
-1 0.00970585 0.990294
-1 0.0256389 0.974361
1 0.661566 0.338434
1 0.690108 0.309892
-1 0.386388 0.613612
-1 0.0148522 0.985148
1 0.954923 0.0450771
1 0.999312 0.000688265
-1 0.202926 0.797074
1 0.847642 0.152358
1 0.817349 0.182651
1 0.853757 0.146243
1 0.99286 0.00713986
1 0.999441 0.000558716
1 0.920702 0.0792984
1 0.955167 0.0448333
1 0.832391 0.167609
1 0.57191 0.42809
1 0.99782 0.00218033
-1 0.0475951 0.952405
1 0.95879 0.0412099
1 0.965196 0.0348044
1 0.897118 0.102882
1 0.999458 0.000542211
1 0.505768 0.494232
1 0.999893 0.000107108
1 0.969012 0.030988
-1 0.370448 0.629552
1 0.910252 0.089748
-1 0.333971 0.666029
1 0.896377 0.103623
1 0.643543 0.356457
1 0.999527 0.00047329
1 0.943026 0.0569736
1 0.668566 0.331434
1 0.969355 0.0306447
1 0.999533 0.000466832
1 0.997388 0.00261178
-1 0.360802 0.639198
1 0.979849 0.0201514
1 0.714188 0.285812
1 0.991291 0.0087091
-1 1.48613e-05 0.999985
1 0.993693 0.00630726
1 0.967332 0.0326678
-1 0.399005 0.600995
-1 0.105254 0.894746
1 0.98275 0.0172503
1 0.946851 0.0531491
1 0.992112 0.0078877
1 0.998127 0.00187268
1 0.998441 0.00155875
1 0.974547 0.0254527
1 0.974909 0.0250909
1 0.998172 0.00182771
1 0.990087 0.0099133
-1 2.92623e-06 0.999997
1 0.960694 0.0393063
1 0.946285 0.0537149
1 0.993373 0.00662652
1 0.736494 0.263506
1 0.908664 0.0913361
1 0.994323 0.00567705
1 0.959337 0.0406628
1 0.999999 1.26573e-06
1 0.994826 0.00517369
1 0.788933 0.211067
1 0.983999 0.016001
1 0.90993 0.0900699
1 0.909682 0.0903182
-1 0.00922017 0.99078
1 0.949852 0.0501479
1 0.886633 0.113367
1 0.990394 0.00960601
1 0.989698 0.0103019
1 0.880296 0.119704
1 0.989295 0.0107054
1 0.97342 0.0265805
1 0.983205 0.0167955
1 0.979992 0.0200076
1 0.992795 0.0072055
1 0.85021 0.14979
1 0.998018 0.0019823
-1 0.413849 0.586151
-1 0.214081 0.785919
1 0.977576 0.0224236
1 0.959708 0.0402915
1 0.909704 0.0902956
1 0.958689 0.0413107
1 0.976321 0.0236786
-1 0.0881342 0.911866
-1 0.0375322 0.962468
1 0.909604 0.090396
1 0.94581 0.0541903
1 0.873932 0.126068
1 0.588869 0.411131
1 0.694081 0.305919
1 0.994061 0.00593882
-1 0.0048183 0.995182
1 0.890291 0.109709
1 0.9223 0.0777005
1 0.997012 0.00298822
1 0.999811 0.00018912
-1 0.279601 0.720399
1 0.991539 0.00846093
1 0.908973 0.0910272
1 0.999281 0.000718702
1 0.998944 0.00105626
-1 0.192866 0.807134
1 0.999997 2.59697e-06
1 0.999831 0.00016918
1 0.909856 0.090144
1 0.974078 0.0259222
1 0.947901 0.0520992
1 0.987718 0.0122821
1 0.532297 0.467703
1 0.99887 0.00112979
1 0.608128 0.391872
1 0.91703 0.0829703
1 0.995587 0.00441347
1 0.977538 0.0224621
1 0.970344 0.0296558
1 0.999989 1.08451e-05
1 0.982383 0.0176166
-1 0.475582 0.524418
1 0.952472 0.0475278
1 0.999904 9.57281e-05
-1 0.0278937 0.972106
1 0.986254 0.0137456
1 0.998958 0.00104233
-1 0.479794 0.520206
1 0.979558 0.0204419
1 0.909917 0.090083
1 0.986252 0.0137481
-1 0.06181 0.93819
-1 0.144386 0.855614
-1 0.224882 0.775118
1 0.989349 0.0106509
1 0.994341 0.00565926
1 0.910006 0.0899936
1 0.909309 0.0906911
1 0.808112 0.191888
1 0.992182 0.00781765
1 0.989031 0.0109688
1 0.910338 0.0896622
1 0.93903 0.0609703
1 0.999176 0.000823558
1 0.849734 0.150266
1 0.659922 0.340078
1 0.987858 0.0121418
1 0.98289 0.0171103
1 0.999862 0.000138059
-1 0.0642844 0.935716
-1 0.158649 0.841351
1 0.541579 0.458421
1 0.930959 0.0690406
-1 0.174535 0.825465
1 0.90894 0.0910598
1 0.992936 0.00706355
1 0.985861 0.0141393
-1 0.122371 0.877629
1 0.972899 0.027101
1 0.99829 0.00170994
1 0.94686 0.05314
1 0.637232 0.362768
1 0.908976 0.0910242
1 0.948256 0.0517442
1 0.718929 0.281071
1 0.791347 0.208653
1 0.999626 0.000374361
1 0.955368 0.0446321
1 0.761437 0.238563
-1 0.380983 0.619017
-1 0.199181 0.800819
1 0.65802 0.34198
-1 0.199568 0.800432
1 0.985879 0.0141215
1 0.909542 0.0904576
1 0.756591 0.243409
1 0.53108 0.46892
1 0.999941 5.92822e-05
1 0.984312 0.0156876
1 0.909214 0.0907863
-1 0.220793 0.779207
-1 0.0221916 0.977808
1 0.999431 0.000568947
1 0.994457 0.00554292
1 0.980458 0.0195419
1 0.999885 0.000115326
1 0.995317 0.00468322
1 0.911681 0.0883188
1 0.960414 0.0395858
1 0.999974 2.58959e-05
1 0.909841 0.0901589
-1 0.0216865 0.978314
1 0.999998 1.71954e-06
1 0.991738 0.00826152
-1 0.086124 0.913876
1 0.992638 0.00736233
1 0.908979 0.0910213
1 0.848566 0.151434
1 0.994679 0.00532062
-1 0.0761855 0.923814
1 0.992418 0.00758243
-1 0.133462 0.866538
1 0.92169 0.0783097
1 0.940821 0.0591786
-1 0.0512947 0.948705
1 1 1.39353e-07
1 0.992012 0.00798835
-1 0.336124 0.663876
-1 0.364825 0.635175
-1 0.0805837 0.919416
1 0.835928 0.164072
1 0.999349 0.000650898
-1 0.0751081 0.924892
1 0.999074 0.000925609
1 0.74851 0.25149
1 0.946963 0.053037
1 0.909693 0.0903066
-1 0.0238611 0.976139
1 0.909959 0.0900407
1 0.927827 0.0721733
1 0.929011 0.0709893
1 0.829735 0.170265
1 0.999745 0.000255022
1 0.985718 0.0142816
1 0.847778 0.152222
1 0.996473 0.00352721
1 0.955614 0.044386
1 0.996756 0.00324443
1 0.894927 0.105073
1 0.986046 0.0139544
1 0.908849 0.0911514
1 0.954585 0.0454149
-1 0.112141 0.887859
1 0.784652 0.215348
1 0.998242 0.00175765
1 0.876622 0.123378
1 0.979462 0.0205379
1 0.990929 0.00907131
-1 0.0920574 0.907943
1 0.633967 0.366033
1 0.981111 0.018889
1 0.99933 0.000670131
1 0.899648 0.100352
1 0.958285 0.0417148
1 0.999943 5.71044e-05
1 0.872942 0.127058
1 0.910076 0.0899242
1 0.990497 0.0095028
1 0.988289 0.0117108
1 0.997526 0.00247418
1 0.981728 0.0182723
1 0.908704 0.0912964
1 0.95512 0.0448799
1 0.999983 1.72048e-05
1 0.983855 0.0161453
-1 0.00312732 0.996873
-1 0.0095203 0.99048
-1 0.014399 0.985601
1 0.990477 0.00952323
1 0.999958 4.2483e-05
-1 0.352393 0.647607
1 0.910476 0.089524
1 0.83871 0.16129
1 0.920271 0.0797289
-1 0.342945 0.657055
1 0.999978 2.24686e-05
1 0.980837 0.0191633
1 0.955484 0.0445161
1 0.909039 0.0909612
1 0.9576 0.0423997
1 0.909227 0.0907733
-1 0.0489693 0.951031
1 0.993334 0.0066662
-1 0.473551 0.526449
1 0.908962 0.0910377
1 0.935871 0.0641291
-1 1.31287e-06 0.999999
-1 0.0123308 0.987669
1 0.934406 0.065594
-1 8.05138e-06 0.999992
1 0.835791 0.164209
-1 0.227775 0.772225
1 0.878423 0.121577
1 0.620952 0.379048
1 0.994362 0.00563777
1 0.990796 0.0092042
1 0.99687 0.00313024
1 0.815343 0.184657
1 0.957547 0.0424525
1 0.975788 0.0242118
1 0.968592 0.0314084
1 0.999958 4.17965e-05
1 0.975573 0.024427
1 0.922235 0.0777654
1 0.844287 0.155713
1 0.866133 0.133867
1 0.999563 0.000437457
1 0.996702 0.00329787
1 0.99935 0.000650238
1 0.924269 0.0757312
1 0.987318 0.0126822
1 0.919997 0.0800028
1 0.996139 0.00386071
1 0.973837 0.0261628
1 0.99933 0.000670201
1 0.987535 0.0124651
1 0.91144 0.0885605
1 0.999432 0.000567985
-1 0.388601 0.611399
1 1 1.35873e-07
1 0.988876 0.0111239
1 0.848423 0.151577
1 0.909572 0.0904277
-1 0.137112 0.862888
1 0.993407 0.00659318
1 0.999888 0.000112373
-1 0.361219 0.638781
1 0.992846 0.00715432
1 0.96454 0.0354597
-1 0.262115 0.737885
1 0.618682 0.381318
1 0.979336 0.020664
-1 0.0210613 0.978939
1 0.981213 0.0187869
-1 1.66999e-07 1
1 0.999218 0.000782123
1 0.909272 0.090728
1 0.651313 0.348687
1 0.886757 0.113243
1 0.975262 0.0247378
1 0.981462 0.0185375
-1 0.0533408 0.946659
1 0.985776 0.0142244
1 0.996695 0.00330458
1 0.999284 0.000715647
1 0.999682 0.000317512
1 0.747065 0.252935
1 0.95019 0.0498102
1 0.92762 0.0723798
1 0.963895 0.0361053
1 0.979004 0.0209956
1 0.958433 0.0415674
1 0.686361 0.313639
1 0.997944 0.00205619
1 0.999872 0.000128181
-1 0.232181 0.767819
1 0.972915 0.0270852
-1 0.463632 0.536368
1 0.916303 0.0836969
1 0.999757 0.000243471
-1 0.0543192 0.945681
1 0.999673 0.000326949
1 0.995898 0.00410156
1 0.687272 0.312728
1 0.597083 0.402917
1 0.935283 0.0647175
-1 3e-14 1
-1 0.141318 0.858682
1 0.999943 5.71201e-05
1 0.930001 0.0699989
1 0.92779 0.0722102
-1 3.35053e-07 1
1 0.992083 0.00791709
-1 0.008518 0.991482
1 0.904257 0.095743
-1 0.0926018 0.907398
1 0.990431 0.0095692
1 0.998163 0.00183688
1 0.998339 0.00166134
1 0.909674 0.0903257
1 0.975543 0.0244574
1 0.94919 0.0508105
1 0.909151 0.0908486
1 0.939834 0.060166
1 0.982931 0.017069
1 0.913055 0.0869446
1 0.917186 0.0828144
-1 0.00294487 0.997055
1 0.766462 0.233538
1 0.955429 0.0445708
1 0.999616 0.000383553
1 0.940213 0.0597873
1 0.961175 0.0388248
1 0.99997 2.99098e-05
1 0.909541 0.090459
1 0.909691 0.0903086
1 0.999925 7.54924e-05
1 0.962322 0.0376776
1 0.537781 0.462219
1 0.982038 0.0179616
1 0.99362 0.00637978
1 0.994854 0.00514561
1 0.999467 0.000533237
-1 0.473807 0.526193
1 0.998897 0.00110251
1 0.974321 0.0256786
1 0.998084 0.00191596
1 0.999119 0.000880855
-1 0.275206 0.724794
1 0.9402 0.0598005
1 0.94159 0.05841
1 0.941125 0.0588748
1 0.897443 0.102557
-1 0.119417 0.880583
1 0.976235 0.0237649
1 0.958461 0.0415394
1 0.983586 0.0164141
1 0.884143 0.115857
1 0.984012 0.0159881
1 0.998562 0.00143768
1 0.991496 0.00850393
1 0.975321 0.0246794
1 0.996055 0.00394464
1 0.996452 0.00354773
-1 0.00902629 0.990974
1 0.997495 0.00250457
1 0.909573 0.0904265
1 0.999837 0.00016307
1 0.887423 0.112577
1 0.734309 0.265691
1 0.511859 0.488141
1 0.970534 0.0294665
1 0.998471 0.00152943
-1 0.14529 0.85471
1 0.977177 0.0228228
1 0.963185 0.036815
1 0.713201 0.286799
1 0.999696 0.000304156
1 0.625136 0.374864
1 1 1e-07
1 0.999054 0.000946169
1 0.909201 0.0907995
1 0.918713 0.0812871
1 0.999986 1.42426e-05
1 0.999989 1.07698e-05
1 0.909294 0.0907058
1 0.825286 0.174714
1 0.974659 0.0253408
1 0.981858 0.0181417
1 0.584426 0.415574
-1 0.117027 0.882973
1 0.96745 0.0325495
1 0.910685 0.0893152
1 0.991581 0.00841929
1 0.909174 0.0908262
1 0.997478 0.00252188
1 0.909989 0.0900107
1 0.909289 0.0907111
1 0.974558 0.0254424
-1 0.0683097 0.93169
1 0.961005 0.0389952
1 0.978928 0.0210723
1 0.982502 0.0174978
1 0.996077 0.00392268
-1 0.399976 0.600024
1 0.995408 0.00459153
1 0.956799 0.0432011
-1 0.101433 0.898567
1 0.994643 0.00535714
1 0.9988 0.00119977
1 0.65349 0.34651
1 0.909213 0.090787
1 0.871175 0.128825
1 0.965588 0.034412
1 0.909101 0.0908993
1 0.992979 0.00702112
1 0.967438 0.0325619
1 0.9921 0.00789989
1 0.937693 0.0623072
-1 0.0432883 0.956712
1 0.948629 0.0513705
-1 0.228672 0.771328
1 0.728605 0.271395
1 0.997809 0.00219074
1 0.910113 0.0898868
1 0.992999 0.0070006
-1 0.482621 0.517379
1 0.993097 0.00690275
-1 0.454811 0.545189
1 0.995533 0.0044671
-1 0.481344 0.518656
1 0.967742 0.0322581
1 0.999522 0.000477924
1 0.977565 0.0224353
1 0.807833 0.192167
1 0.932738 0.067262
1 0.999995 4.87908e-06
1 0.999402 0.000597794
1 0.996949 0.00305133
1 0.819033 0.180967
1 0.998983 0.00101663
1 0.989548 0.0104523
1 0.999987 1.30177e-05
-1 0.123067 0.876933
-1 0.0603649 0.939635
-1 0.0134755 0.986524
1 0.999998 2.44151e-06
1 0.994428 0.00557216
1 0.978468 0.0215315
-1 0.353579 0.646421
1 0.878414 0.121586
1 0.999581 0.000418742
1 0.979805 0.0201951
-1 0.273527 0.726473
-1 0.391354 0.608646
1 0.999721 0.00027879
1 0.954562 0.0454381
1 0.804916 0.195084
1 0.507522 0.492478
1 0.974445 0.0255546
1 0.960723 0.0392767
1 0.990251 0.00974895
1 0.992753 0.00724655
-1 0.0873282 0.912672
1 0.933489 0.0665112
1 0.982034 0.0179657
1 0.999869 0.000131353
1 0.998455 0.00154526
-1 0.0203118 0.979688
1 0.63339 0.36661
-1 6.4123e-06 0.999994
1 0.99999 9.57897e-06
1 0.999914 8.57338e-05
1 0.99226 0.00774039
-1 0.135124 0.864876
1 0.945317 0.0546827
1 0.982058 0.0179421
-1 1.96322e-10 1
1 0.999495 0.000505299
1 0.96826 0.03174
1 0.830616 0.169384
1 0.910168 0.0898323
1 0.983056 0.0169444
1 0.909532 0.090468
1 0.968444 0.0315556
1 0.932381 0.0676193
1 0.823406 0.176594
1 0.96939 0.0306103
1 0.96713 0.0328697
1 0.99996 3.95458e-05
1 0.890703 0.109297
1 0.99866 0.00134027
1 0.997292 0.00270774
1 0.98199 0.0180097
1 0.967615 0.0323849
1 0.795402 0.204598
-1 0.142447 0.857553
-1 6.00058e-07 0.999999
1 0.99966 0.000340498
1 0.944438 0.0555623
1 0.926929 0.0730708
1 0.909696 0.0903044
1 0.998924 0.00107552
1 0.997431 0.00256868
1 0.982571 0.0174285
1 0.999587 0.000413379
-1 0.442123 0.557877
1 0.992084 0.00791621
1 0.988212 0.0117879
-1 0.129752 0.870248
-1 0.103983 0.896017
1 0.968463 0.0315368
1 0.922654 0.0773458
1 0.950517 0.0494831
1 0.960306 0.0396943
1 0.995038 0.00496177
1 0.886751 0.113249
1 0.919559 0.0804412
1 0.97347 0.0265295
1 0.999923 7.71647e-05
1 0.801988 0.198012
1 0.999202 0.000798391
1 0.994529 0.00547124
1 0.994177 0.00582283
-1 0.292075 0.707925
1 0.999878 0.000121867
1 0.984332 0.0156677
1 0.938159 0.0618413
1 0.966926 0.0330742
-1 0.3502 0.6498
-1 0.299815 0.700185
1 0.989233 0.0107674
1 0.988076 0.0119241
1 0.990574 0.00942565
-1 0.156846 0.843154
1 0.981948 0.018052
-1 0.161 0.839
1 0.991486 0.0085142
1 0.909517 0.0904832
1 0.993901 0.00609856
1 0.626661 0.373339
1 0.899163 0.100837
1 0.737822 0.262178
1 0.997897 0.00210317
1 0.977669 0.0223306
1 0.997221 0.00277902
-1 0.0989156 0.901084
1 0.953525 0.0464745
1 0.909035 0.0909647
-1 0.0219902 0.97801
1 0.948237 0.0517632
1 0.927351 0.0726492
-1 0.122041 0.877959
1 0.909662 0.0903378
1 0.939546 0.0604539
1 0.99098 0.00901991
1 0.996522 0.00347847
1 0.909674 0.0903265
1 0.99673 0.00327035
1 0.998603 0.00139659
1 0.953114 0.0468859
1 0.999702 0.000297602
-1 0.432123 0.567877
1 0.940012 0.0599876
1 0.984564 0.0154359
1 0.872796 0.127204
1 0.948603 0.0513969
1 0.662344 0.337656
1 0.661964 0.338036
1 0.844778 0.155222
1 0.999821 0.000178534
1 0.882386 0.117614
-1 0.0158319 0.984168
1 0.9098 0.0901998
1 0.982072 0.0179278
-1 0.280447 0.719553
1 0.824968 0.175032
1 0.997337 0.00266291
1 0.990258 0.00974162
-1 0.192651 0.807349
1 0.993328 0.00667212
1 0.993368 0.00663174
1 0.86815 0.13185
1 0.929694 0.070306
1 0.949579 0.0504206
1 0.957069 0.0429314
1 0.943218 0.0567824
1 0.989061 0.0109392
1 0.958478 0.0415216
1 0.958031 0.0419694
1 0.999998 1.62632e-06
-1 0.100898 0.899102
1 0.999302 0.000698229
1 0.995827 0.00417317
1 0.788752 0.211248
1 0.914815 0.0851847
1 0.951947 0.0480533
1 0.999782 0.000217755
1 0.997904 0.00209608
-1 0.127845 0.872155
1 0.943439 0.0565606
1 0.909032 0.0909679
1 0.999067 0.000933433
1 0.99852 0.00148039
1 0.758565 0.241435
1 0.962382 0.0376178
-1 0.251211 0.748789
1 0.945134 0.0548657
1 0.992577 0.00742314
1 0.981757 0.0182431
1 0.526471 0.473529
1 0.957886 0.0421141
-1 0.181792 0.818208
1 0.996842 0.00315801
-1 4.18031e-12 1
-1 0.344838 0.655162
1 0.993144 0.00685614
1 0.999984 1.59016e-05
-1 0.00328534 0.996715
1 0.978296 0.0217043
1 0.903414 0.0965862
1 0.999947 5.2651e-05
1 0.914593 0.0854071
1 0.89733 0.10267
1 0.977077 0.0229229
1 0.51768 0.48232
1 0.976623 0.0233768
1 0.995134 0.00486623
1 0.831374 0.168626
-1 0.241992 0.758008
1 0.841725 0.158275
1 0.998699 0.00130131
-1 0.0251169 0.974883
1 0.923177 0.0768231
1 0.955796 0.044204
1 0.606606 0.393394
1 0.999802 0.000198446
1 0.979394 0.0206056
1 0.994048 0.00595154
1 0.99774 0.00226004
-1 0.200466 0.799534
1 0.909691 0.090309
-1 0.242751 0.757249
-1 0.0815368 0.918463
1 0.956902 0.0430983
1 0.960538 0.0394625
1 0.975364 0.0246364
1 0.858312 0.141688
1 0.99256 0.00743972
1 0.892341 0.107659
1 0.998308 0.00169159
-1 0.0350582 0.964942
1 0.576564 0.423436
1 0.996283 0.00371707
1 0.996581 0.00341874
1 0.994377 0.00562294
1 0.852795 0.147205
1 0.521744 0.478256
1 0.996003 0.00399674
1 0.897718 0.102282
1 0.995647 0.00435282
1 0.880735 0.119265
1 0.998702 0.00129811
1 0.982823 0.0171775
1 0.968997 0.0310031
1 0.584695 0.415305
-1 0.380291 0.619709
1 0.999988 1.23774e-05
1 0.909975 0.090025
1 0.976641 0.0233589
-1 0.276699 0.723301
1 0.975047 0.0249528
1 0.951136 0.0488644
-1 0.0950814 0.904919
1 0.999988 1.23493e-05
-1 5.7643e-07 0.999999
1 0.734794 0.265206
1 0.729444 0.270556
-1 0.0125861 0.987414
1 0.959406 0.0405936
1 0.912165 0.0878347
1 0.909511 0.0904893
1 0.893373 0.106627
1 0.908984 0.0910158
1 0.957473 0.0425267
1 0.998026 0.00197359
1 0.654812 0.345188
-1 0.0860828 0.913917
1 0.99994 6.03084e-05
1 0.99899 0.00100963
1 0.999916 8.40779e-05
1 0.965072 0.0349278
1 0.910474 0.0895261
-1 0.0260007 0.973999
1 0.777286 0.222714
1 0.791128 0.208872
1 0.986982 0.0130181
1 0.992432 0.00756837
-1 0.0441005 0.955899
1 0.759114 0.240886
1 0.991323 0.00867668
1 0.743805 0.256195
1 0.997555 0.00244465
1 0.997963 0.00203689
1 0.741356 0.258644
-1 0.0723315 0.927668
1 0.819346 0.180654
1 0.975319 0.0246812
1 0.783683 0.216317
1 0.995248 0.00475207
1 0.999316 0.00068421
1 0.819554 0.180446
1 0.955829 0.0441706
-1 0.180612 0.819388
-1 0.0152565 0.984744
1 0.909775 0.0902254
-1 0.0100112 0.989989
-1 0.380837 0.619163
1 0.996159 0.00384101
1 0.910082 0.0899178
1 0.969775 0.0302246
1 0.967195 0.0328047
1 0.58152 0.41848
1 0.602041 0.397959
1 0.769293 0.230707
-1 0.0297504 0.97025
1 0.984463 0.0155368
-1 1.02407e-07 1
1 0.968854 0.0311464
-1 0.0103595 0.98964
1 0.63246 0.36754
1 0.977775 0.0222253
1 0.999999 5.68703e-07
1 0.920597 0.0794028
-1 3.22571e-08 1
1 0.890407 0.109593
1 0.948047 0.0519529
1 0.583152 0.416848
1 0.990934 0.00906553
1 0.938778 0.0612217
-1 0.242155 0.757845
1 0.938572 0.0614283
1 0.996471 0.00352947
1 0.998677 0.00132271
1 0.974854 0.0251463
-1 0.00662437 0.993376
1 0.999988 1.22708e-05
1 0.999558 0.000441874
1 0.984204 0.0157963
1 0.986819 0.0131808
-1 0.253059 0.746941
1 0.982522 0.0174784
1 0.998078 0.00192213
-1 0.488224 0.511776
1 0.981289 0.0187105
1 0.994586 0.00541403
1 0.999778 0.000222243
-1 1.45107e-05 0.999985
1 0.997438 0.00256191
1 0.978129 0.0218715
1 0.983997 0.0160029
1 0.793974 0.206026
1 0.992128 0.0078716
1 0.814936 0.185064
1 0.885262 0.114738
-1 9.58027e-06 0.99999
1 0.984383 0.0156166
1 0.692065 0.307935
1 0.562726 0.437274
1 0.798081 0.201919
-1 0.152185 0.847815
1 0.990117 0.00988337
1 0.978754 0.0212462
1 0.995684 0.00431609
1 0.942016 0.0579845
1 0.992718 0.00728188
-1 0.393509 0.606491
1 0.999998 2.18619e-06
1 0.964882 0.0351176
1 0.949582 0.0504176
1 0.867382 0.132618
1 0.978676 0.0213236
-1 2.087e-06 0.999998
1 0.988167 0.0118326
1 0.999922 7.8347e-05
1 0.513204 0.486796
-1 0.0055628 0.994437
1 0.976807 0.0231935
1 0.999958 4.16092e-05
1 0.988762 0.011238
1 0.960701 0.0392987
1 0.893119 0.106881
1 0.996789 0.00321127
1 0.996385 0.00361508
1 0.943583 0.0564171
1 0.912651 0.0873489
1 0.948508 0.0514916
1 0.64775 0.35225
-1 0.0634103 0.93659
1 0.999928 7.17115e-05
1 0.71886 0.28114
-1 0.24166 0.75834
-1 0.0188303 0.98117
1 0.940492 0.0595078
1 0.680984 0.319016
1 0.916582 0.083418
1 0.718784 0.281216
1 0.99835 0.0016503
1 0.970629 0.0293712
1 0.989266 0.0107337
1 0.94227 0.0577297
-1 0.205126 0.794874
1 0.980073 0.0199267
1 0.999857 0.000143362
-1 0.0842742 0.915726
1 0.70001 0.29999
1 0.781444 0.218556
-1 0.027486 0.972514
1 0.99298 0.00701958
1 0.5 0.5
-1 0.222118 0.777882
1 0.999722 0.000277896
-1 0.0441179 0.955882
1 0.981451 0.0185488
1 0.998799 0.0012005
1 0.908868 0.0911322
1 0.998798 0.0012021
1 0.758042 0.241958
-1 0.0599428 0.940057
1 0.969899 0.0301007
1 0.760377 0.239623
1 0.875023 0.124977
1 0.994988 0.00501172
1 0.995345 0.00465536
1 0.993792 0.00620793
1 0.872989 0.127011
1 0.923135 0.0768651
1 0.999985 1.54455e-05
-1 0.105064 0.894936
1 0.985978 0.0140223
1 0.704749 0.295251
1 0.779911 0.220089
1 0.936101 0.0638985
1 0.909878 0.0901224
-1 0.0900236 0.909976
-1 0.48919 0.51081
1 0.539487 0.460513
1 0.924202 0.0757983
1 0.908853 0.0911473
-1 0.0226675 0.977332
1 0.614501 0.385499
-1 4.82752e-06 0.999995
1 0.946576 0.0534236
1 0.996531 0.0034688
1 0.844023 0.155977
1 0.861431 0.138569
-1 0.296355 0.703645
1 0.918209 0.0817906
1 0.740428 0.259572
1 0.93752 0.0624804
1 0.911491 0.0885085
-1 3e-14 1
1 0.993616 0.0063842
1 0.82861 0.17139
-1 0.321705 0.678295
1 0.982712 0.0172883
1 0.909385 0.0906146
1 0.999988 1.24833e-05
1 0.908862 0.0911384
1 0.97806 0.0219403
1 0.89299 0.10701
1 0.864824 0.135176
1 0.945675 0.0543253
1 0.970208 0.0297919
-1 0.0483304 0.95167
1 0.989533 0.0104666
1 0.989316 0.0106839
1 0.941567 0.0584332
1 0.9937 0.00629964
1 0.978856 0.0211439
-1 0.125602 0.874398
1 0.980889 0.0191113
-1 0.189951 0.810049
1 0.950909 0.0490907
-1 0.453339 0.546661
1 0.868595 0.131405
1 0.909379 0.0906209
-1 0.452283 0.547717
1 0.972678 0.0273223
-1 0.061898 0.938102
1 0.999685 0.000314573
-1 0.418271 0.581729
1 0.979062 0.0209381
1 0.995975 0.00402453
1 0.999814 0.00018636
1 0.910669 0.0893314
1 0.956084 0.0439156
1 0.869664 0.130336
1 0.999996 3.57868e-06
1 0.941696 0.0583035
1 0.988454 0.0115456
1 0.933638 0.0663621
1 0.966725 0.0332754
1 0.95024 0.0497604
1 0.91115 0.08885
1 0.927289 0.0727109
1 0.909511 0.0904894
1 0.978084 0.0219163
1 0.937725 0.0622755
1 0.945985 0.0540149
1 0.657261 0.342739
-1 0.298032 0.701968
1 0.91017 0.0898304
1 0.999907 9.33162e-05
1 0.739931 0.260069
1 0.993858 0.00614163
1 0.781977 0.218023
1 0.908994 0.091006
1 0.936643 0.063357
1 0.995543 0.00445726
-1 0.248801 0.751199
1 0.99735 0.00265047
1 0.833456 0.166544
-1 0.0167019 0.983298
1 0.979899 0.0201005
1 0.909003 0.0909972
1 1 1e-07
1 0.941764 0.058236
1 0.998923 0.00107723
1 0.976043 0.0239574
1 0.909063 0.0909369
-1 0.434611 0.565389
1 0.953197 0.0468031
1 0.954903 0.045097
1 0.980768 0.019232
1 0.968635 0.0313646
1 0.848273 0.151727
1 0.994305 0.00569494
1 0.953981 0.046019
1 0.983084 0.0169163
1 0.993193 0.00680696
1 0.924437 0.0755631
1 0.717872 0.282128
-1 0.00941753 0.990582
1 0.539275 0.460725
-1 0.0202127 0.979787
-1 2.31592e-11 1
1 0.993857 0.00614278
1 0.993072 0.00692789
1 0.856622 0.143378
1 0.979442 0.0205577
1 0.860533 0.139467
1 0.97695 0.0230495
1 0.909266 0.0907344
1 0.933706 0.0662939
-1 0.00988683 0.990113
1 0.999821 0.000179292
1 0.999198 0.000801595
1 0.800434 0.199566
1 0.923317 0.0766827
1 0.806263 0.193737
1 0.941001 0.0589986
1 0.909895 0.090105
1 0.994099 0.0059015
1 0.894103 0.105897
1 0.999822 0.000178112
1 0.991302 0.00869824
1 0.910139 0.0898606
-1 0.123074 0.876926
1 0.909399 0.090601
1 0.986723 0.0132775
1 0.70761 0.29239
1 0.987212 0.0127881
1 0.991092 0.00890805
1 0.999308 0.000692183
1 0.961551 0.0384489
1 0.89243 0.10757
1 0.992943 0.00705715
1 0.960558 0.0394423
-1 8.97041e-09 1
1 0.998535 0.00146533
1 0.979214 0.0207857
1 0.986325 0.0136753
1 0.884513 0.115487
1 0.943674 0.0563258
1 0.947803 0.0521967
1 0.654225 0.345775
1 0.722403 0.277597
1 0.983807 0.0161932
1 0.910922 0.0890778
1 0.910821 0.0891792
1 0.988906 0.0110942
1 0.999867 0.000133102
1 0.997661 0.00233908
-1 0.288125 0.711875
1 0.990357 0.00964331
-1 0.00868612 0.991314
-1 0.122243 0.877757
1 0.99462 0.00538047
1 0.909421 0.0905795
1 0.986143 0.0138575
1 0.909156 0.0908444
1 0.931779 0.0682209
-1 0.0587412 0.941259
1 0.69235 0.30765
1 0.969039 0.0309615
1 0.909239 0.0907614
1 0.974648 0.0253515
1 0.910989 0.0890108
1 0.998941 0.00105918
-1 0.200139 0.799861
-1 0.178767 0.821233
1 0.999729 0.000270658
1 0.985138 0.0148616
-1 0.0312781 0.968722
1 0.991153 0.00884681
1 0.99519 0.00481012
-1 0.344005 0.655995
1 0.980933 0.0190672
1 0.987739 0.0122614
-1 0.205897 0.794103
1 0.997829 0.00217089
1 0.909397 0.0906031
1 0.910454 0.0895465
-1 0.465307 0.534693
1 0.608869 0.391131
1 0.957592 0.0424084
1 0.808592 0.191408
1 0.990696 0.00930438
1 0.838821 0.161179
1 0.930615 0.0693849
1 0.99542 0.00457962
1 0.99264 0.00735987
1 0.930724 0.0692758
1 0.977235 0.0227648
1 0.916415 0.0835849
1 0.999327 0.000673163
1 0.938088 0.061912
-1 0.0856933 0.914307
1 0.940452 0.0595479
1 0.804925 0.195075
1 0.922328 0.0776723
1 0.635378 0.364622
1 0.984435 0.015565
1 0.922592 0.0774079
1 0.992504 0.0074957
-1 0.283535 0.716465
1 0.82991 0.17009
1 0.999088 0.000911627
1 0.910684 0.0893161
1 0.945812 0.0541876
1 0.999725 0.000274596
1 0.996597 0.00340346
1 0.764381 0.235619
1 0.68538 0.31462
1 0.79222 0.20778
1 0.630021 0.369979
1 0.836651 0.163349
-1 8.76759e-07 0.999999
1 0.882036 0.117964
-1 0.321832 0.678168
1 0.908768 0.0912315
1 0.834871 0.165129
-1 0.269643 0.730357
1 0.883708 0.116292
1 0.997872 0.0021276
1 0.763264 0.236736
1 0.902921 0.0970792
-1 0.178113 0.821887
-1 0.476583 0.523417
1 0.999762 0.000238475
1 0.949218 0.0507816
1 0.998303 0.00169737
1 0.916922 0.0830778
-1 0.0149634 0.985037
1 0.976272 0.0237284
1 0.96628 0.0337201
1 0.940596 0.0594043
1 0.9937 0.00629992
1 0.997604 0.00239617
1 0.5121 0.4879
-1 8.13338e-12 1
1 0.995248 0.00475183
1 0.999604 0.000395539
1 0.99213 0.00786964
1 0.990593 0.00940707
1 0.910165 0.0898354
-1 4.00406e-07 1
1 0.99593 0.0040696
-1 0.0405812 0.959419
1 0.998778 0.00122178
1 0.98662 0.0133804
1 0.999006 0.000993804
1 0.658673 0.341327
1 0.933298 0.0667022
-1 0.415431 0.584569
1 0.999971 2.89629e-05
1 0.992702 0.00729755
1 0.999086 0.000914067
1 0.981967 0.0180332
-1 0.0266605 0.97334
1 0.904895 0.0951049
1 0.936073 0.0639269
1 0.610814 0.389186
1 0.968595 0.0314045
1 0.999948 5.199e-05
-1 0.435361 0.564639
1 0.95991 0.04009
-1 0.389226 0.610774
1 0.999252 0.000748078
1 0.902952 0.0970479
1 0.806998 0.193002
1 0.995955 0.00404469
1 0.998282 0.00171782
1 0.910988 0.0890116
-1 0.0125396 0.98746
1 0.979015 0.0209846
1 0.98552 0.0144798
1 0.975764 0.0242363
-1 0.0028777 0.997122
-1 0.0149851 0.985015
1 0.965723 0.0342772
1 0.877358 0.122642
1 0.998444 0.00155618
1 0.910362 0.0896385
1 0.909362 0.0906384
1 0.985423 0.0145772
1 0.965604 0.0343961
1 0.842529 0.157471
-1 0.033838 0.966162
1 0.574102 0.425898
1 0.672552 0.327448
1 0.997752 0.0022481
1 0.965311 0.0346889
1 0.991454 0.00854578
1 0.999854 0.000146294
1 0.912269 0.0877307
1 0.899078 0.100922
1 0.99355 0.00644977
1 0.956667 0.0433334
-1 0.206423 0.793577
1 0.94179 0.0582102
1 0.977169 0.0228309
-1 0.0343283 0.965672
1 0.97897 0.0210296
1 0.999997 3.23239e-06
-1 0.32815 0.67185
1 0.908786 0.0912139
1 0.787986 0.212014
-1 0.0654109 0.934589
-1 0.0162361 0.983764
1 0.991047 0.00895261
1 0.960075 0.0399254
1 0.945733 0.0542668
1 0.998198 0.00180201
1 0.885681 0.114319
1 0.638391 0.361609
-1 0.170683 0.829317
-1 0.16767 0.83233
-1 0.0951125 0.904887
1 0.984606 0.0153936
1 0.909555 0.0904447
1 0.999858 0.000141669
1 0.976018 0.0239818
1 0.933949 0.0660513
1 0.997467 0.00253303
1 0.950008 0.0499923
1 0.972125 0.0278748
1 0.956249 0.0437512
1 0.9683 0.0317003
-1 0.384503 0.615497
1 0.914531 0.0854694
1 0.999414 0.000585589
1 0.956897 0.0431028
1 0.59087 0.40913
1 0.909123 0.0908771
1 0.910536 0.089464
1 0.999798 0.000202304
1 0.983017 0.0169832
1 0.999634 0.00036618
1 0.736954 0.263046
1 0.700849 0.299151
-1 0.00397353 0.996026
1 0.909301 0.0906991
-1 0.484971 0.515029
1 0.801791 0.198209
1 0.919782 0.0802183
1 0.999522 0.00047794
1 0.991884 0.00811575
1 0.994753 0.00524683
1 0.99953 0.000469829
1 0.948791 0.0512086
1 0.988438 0.0115618
1 0.925791 0.0742088
1 0.976559 0.0234414
1 0.992871 0.00712939
1 0.955876 0.0441244
-1 0.152011 0.847989
1 0.9599 0.0401
1 0.999041 0.000958723
1 0.745067 0.254933
1 0.939478 0.060522
1 0.999802 0.00019842
1 0.965945 0.0340554
1 0.999961 3.86958e-05
1 0.999769 0.000231198
1 0.834181 0.165819
1 0.974416 0.0255842
1 0.702723 0.297277
1 0.999996 4.37885e-06
1 0.999257 0.000742534
1 0.787661 0.212339
1 0.737993 0.262007
1 0.9913 0.00869961
1 0.96059 0.0394102
1 0.920816 0.0791845
1 0.965629 0.0343706
1 0.99971 0.000290326
1 0.928973 0.0710274
1 0.992398 0.00760206
1 0.943468 0.0565322
1 0.994308 0.00569229
1 0.999947 5.27809e-05
-1 0.0294498 0.97055
1 0.93031 0.0696898
1 0.995987 0.0040132
1 0.908808 0.0911917
1 0.95078 0.04922
1 0.970977 0.0290226
1 0.939704 0.0602964
1 0.909444 0.0905565
1 0.96303 0.0369695
1 0.997839 0.00216065
1 0.846196 0.153804
1 0.99549 0.00451017
1 0.99721 0.00278989
1 0.94106 0.0589399
1 0.909478 0.0905216
1 0.986355 0.0136445
1 0.534153 0.465847
1 0.845262 0.154738
1 0.96806 0.0319401
1 0.961166 0.038834
1 0.909742 0.0902582
1 0.977797 0.0222033
1 0.546449 0.453551
1 0.961676 0.0383241
1 0.981972 0.0180275
1 0.99997 3.04869e-05
1 0.99235 0.00765042
1 0.999688 0.00031198
1 0.984019 0.0159805
1 0.572594 0.427406
1 0.992766 0.00723404
1 0.978962 0.0210384
-1 0.0806215 0.919378
1 0.975561 0.0244385
1 0.999896 0.000104182
-1 1.79363e-07 1
1 0.999276 0.000723646
1 0.947345 0.052655
1 0.981356 0.0186442
1 0.999936 6.35002e-05
1 0.905418 0.0945817
1 0.931329 0.0686707
1 0.999884 0.000116439
1 0.993205 0.00679496
1 0.909463 0.0905366
-1 2.95125e-06 0.999997
-1 0.398246 0.601754
1 0.795808 0.204192
1 0.951996 0.0480038
1 0.991486 0.00851366
1 0.971636 0.0283641
1 0.95601 0.0439895
1 0.983273 0.0167265
1 0.976263 0.0237369
1 0.982086 0.0179145
-1 0.0583438 0.941656
1 0.99319 0.00681009
1 0.908877 0.0911226
1 0.979618 0.0203818
1 0.927206 0.0727939
1 0.998072 0.00192795
1 0.965626 0.0343739
1 0.932317 0.0676826
1 0.99168 0.00832003
1 0.983323 0.0166771
1 0.999068 0.000931832
1 0.999942 5.80235e-05
1 0.991873 0.00812688
1 0.890891 0.109109
1 0.957738 0.0422618
1 0.98556 0.0144402
-1 0.020602 0.979398
1 0.997866 0.0021335
1 0.975421 0.0245793
1 0.997679 0.00232071
1 0.909656 0.0903442
1 0.797758 0.202242
1 0.999102 0.000897527
1 0.909175 0.0908252
1 0.96697 0.03303
1 0.788048 0.211952
1 0.992345 0.00765534
-1 0.190113 0.809887
-1 7.61965e-08 1
1 0.845946 0.154054
-1 0.0592148 0.940785
1 0.994814 0.00518647
1 0.968155 0.031845
1 0.995763 0.00423682
-1 0.435144 0.564856
1 0.89977 0.10023
1 0.909425 0.090575
1 0.909841 0.0901592
1 0.937012 0.062988
1 0.98873 0.0112695
1 0.855278 0.144722
1 0.939608 0.0603915
1 0.966669 0.0333311
1 0.904378 0.0956217
1 0.996735 0.00326478
1 0.996879 0.00312064
1 0.993142 0.0068584
1 0.530297 0.469703
1 0.995977 0.00402327
-1 3e-14 1
1 0.909718 0.0902817
1 0.976514 0.0234862
1 0.998033 0.00196739
1 0.985742 0.0142576
1 0.9535 0.0464995
1 0.937202 0.0627984
1 0.997817 0.00218348
-1 0.0211422 0.978858
1 0.85595 0.14405
1 0.983918 0.0160822
1 0.710041 0.289959
-1 0.454009 0.545991
1 0.542824 0.457176
-1 0.122384 0.877616
-1 0.0883891 0.911611
1 0.957391 0.0426094
1 0.999754 0.00024644
-1 0.125196 0.874804
-1 0.0133825 0.986617
-1 0.396599 0.603401
1 0.885233 0.114767
1 1 1e-07
1 0.999967 3.34664e-05
-1 0.226694 0.773306
-1 0.00375023 0.99625
-1 0.34582 0.65418
-1 0.0673 0.9327
-1 0.410555 0.589445
-1 0.172589 0.827411
-1 9.71081e-10 1
1 0.998276 0.00172395
1 0.992793 0.00720672
-1 0.00873885 0.991261
1 1 2.13309e-07
-1 0.32741 0.67259
1 0.980403 0.0195973
1 0.999871 0.000129456
-1 0.0263208 0.973679
1 0.999428 0.000572316
1 0.803564 0.196436
1 0.996304 0.00369628
1 0.930954 0.069046
-1 0.0991444 0.900856
1 0.986403 0.0135967
-1 0.0488483 0.951152
-1 0.342753 0.657247
-1 0.0537078 0.946292
1 0.996864 0.00313639
1 0.995916 0.00408424
1 1 1e-07
-1 0.399958 0.600042
-1 3e-14 1
1 0.990286 0.00971424
-1 0.029475 0.970525
1 0.994946 0.00505386
-1 0.044685 0.955315
1 0.977942 0.0220583
1 0.989549 0.0104515
-1 0.0658776 0.934122
-1 0.431973 0.568027
1 0.934899 0.065101
1 0.907288 0.0927119
1 0.983571 0.0164286
1 0.910677 0.089323
1 0.940145 0.0598548
1 0.663561 0.336439
1 0.949515 0.0504847
1 0.997056 0.00294443
1 0.5906 0.4094
1 0.873238 0.126762
1 0.96323 0.0367695
1 0.9943 0.0056997
-1 0.459558 0.540442
-1 0.49022 0.50978
-1 0.0550613 0.944939
1 0.909543 0.0904572
1 0.999979 2.1106e-05
1 0.999486 0.000514355
1 0.903081 0.0969194
-1 0.409821 0.590179
1 0.961161 0.0388387
-1 0.046689 0.953311
1 0.991836 0.00816412
-1 0.0213134 0.978687
1 0.875601 0.124399
1 0.938326 0.0616741
1 0.932198 0.0678017
1 0.901308 0.0986925
1 0.898224 0.101776
1 0.714924 0.285076
1 0.996901 0.00309871
1 0.532832 0.467168
1 0.947586 0.0524145
1 0.971233 0.0287675
1 0.678454 0.321546
1 0.998933 0.00106745
1 0.799 0.201
1 0.771688 0.228312
1 0.999322 0.000678123
-1 0.411755 0.588245
1 0.964818 0.0351821
1 0.81149 0.18851
1 0.993632 0.00636833
1 0.911746 0.0882542
1 0.999422 0.000578465
1 0.753175 0.246825
1 0.973784 0.0262159
1 0.984726 0.0152735
1 0.860579 0.139421
1 0.807163 0.192837
1 0.979386 0.0206138
1 0.897114 0.102886
1 0.992079 0.00792148
1 0.976951 0.0230492
1 0.922588 0.077412
1 0.881124 0.118876
1 0.990377 0.00962345
1 0.978109 0.0218905
1 0.999957 4.34835e-05
1 0.998578 0.0014216
1 0.954135 0.0458655
1 0.951738 0.0482625
1 0.999999 5.02686e-07
1 0.984218 0.0157819
1 0.998029 0.00197092
1 0.909215 0.0907851
1 0.908584 0.0914163
-1 0.122991 0.877009
1 0.888761 0.111239
-1 0.145318 0.854682
1 0.98566 0.0143397
1 1 1.25723e-07
1 0.971878 0.0281224
1 0.976643 0.0233566
1 0.998483 0.00151674
-1 0.300151 0.699849
1 0.997402 0.00259846
1 0.895807 0.104193
1 0.994348 0.00565236
1 0.965883 0.0341166
1 0.959448 0.0405524
1 0.997131 0.0028686
1 0.909578 0.0904223
1 0.880107 0.119893
-1 0.00442984 0.99557
1 0.697305 0.302695
-1 0.141683 0.858317
1 0.653436 0.346564
1 0.977927 0.0220733
1 0.909545 0.0904549
1 0.999994 5.63661e-06
1 0.964366 0.0356345
1 0.968835 0.0311646
-1 0.47908 0.52092
-1 0.411626 0.588374
1 0.997368 0.00263206
1 0.977977 0.0220234
-1 0.0543083 0.945692
-1 0.470675 0.529325
1 0.97183 0.0281699
1 0.92767 0.0723303
1 0.999241 0.000758914
1 0.98835 0.0116499
1 0.981841 0.0181592
-1 0.092735 0.907265
-1 0.211311 0.788689
1 0.988258 0.0117419
1 0.952403 0.047597
1 0.968542 0.0314583
-1 0.208412 0.791588
1 0.9946 0.00540009
1 0.915796 0.0842041
1 0.829195 0.170805
1 0.999939 6.14462e-05
1 1 1e-07
1 0.99888 0.00111965
1 0.908792 0.0912079
1 0.98418 0.0158203
1 0.922383 0.077617
1 0.987682 0.0123183
-1 0.279794 0.720206
-1 0.26011 0.73989
-1 0.0388993 0.961101
1 0.999939 6.14078e-05
1 0.621025 0.378975
1 0.985435 0.0145655
-1 0.325237 0.674763
1 0.909297 0.0907031
1 0.96332 0.0366797
-1 0.372889 0.627111
1 0.547281 0.452719
1 0.990665 0.00933525
-1 0.161974 0.838026
1 0.912716 0.0872836
1 0.707255 0.292745
1 0.956544 0.0434563
1 0.969528 0.0304717
1 0.746929 0.253071
1 0.856692 0.143308
-1 0.0629862 0.937014
1 0.657883 0.342117
1 0.694448 0.305552
1 0.657011 0.342989
1 0.806936 0.193064
1 0.855233 0.144767
1 0.973984 0.0260161
1 1 1e-07
1 0.932525 0.0674751
1 0.943485 0.0565149
1 0.90939 0.0906102
1 0.941295 0.0587047
1 0.863908 0.136092
1 0.965973 0.0340272
1 0.987075 0.0129255
1 0.987982 0.0120177
1 0.940598 0.0594025
1 0.979517 0.0204828
1 0.997536 0.0024642
1 0.966803 0.0331975
-1 0.0848143 0.915186
1 0.909098 0.0909023
1 0.837719 0.162281
1 0.999302 0.000698475
1 0.992777 0.0072233
-1 0.336694 0.663306
1 0.932676 0.0673237
1 0.931353 0.0686473
1 0.934575 0.065425
1 0.995772 0.00422779
1 0.998785 0.00121481
1 0.995378 0.0046216
1 0.849865 0.150135
1 0.997754 0.00224611
1 0.906602 0.093398
1 0.940239 0.0597614
1 0.998006 0.00199357
1 0.909848 0.0901518
1 0.941383 0.0586174
-1 0.263124 0.736876
1 0.835269 0.164731
1 0.946824 0.053176
1 0.909236 0.0907644
1 0.99944 0.000560291
1 0.998073 0.00192695
-1 0.0525378 0.947462
-1 0.0840132 0.915987
1 0.986427 0.013573
1 0.875778 0.124222
1 0.999991 8.59392e-06
1 0.790087 0.209913
1 0.931274 0.068726
1 0.971716 0.0282838
1 0.894988 0.105012
1 0.988078 0.0119218
1 0.99828 0.00171987
1 0.996346 0.00365362
1 0.909012 0.0909885
-1 0.31325 0.68675
1 0.931797 0.0682032
-1 0.378533 0.621467
1 0.999847 0.000153288
1 0.970224 0.0297757
-1 0.0686177 0.931382
1 0.999926 7.36726e-05
1 0.996492 0.00350841
1 0.943687 0.0563129
-1 0.044932 0.955068
1 0.991753 0.00824684
1 0.955077 0.0449235
1 0.975304 0.0246964
1 0.516328 0.483672
1 0.999981 1.90568e-05
1 0.872049 0.127951
1 0.908868 0.0911316
1 0.96553 0.0344697
1 0.918216 0.0817838
1 0.99651 0.00348951
1 0.971855 0.0281447
1 0.988351 0.0116485
1 0.954718 0.0452822
1 0.909161 0.0908387
1 0.984793 0.0152073
1 0.991352 0.00864815
1 0.909344 0.0906555
1 0.78932 0.21068
-1 0.0772108 0.922789
1 0.969442 0.0305576
1 0.902921 0.0970792
1 0.999951 4.86394e-05
1 0.999943 5.74194e-05
-1 0.024494 0.975506
1 0.909038 0.0909622
1 0.90997 0.0900304
1 0.994314 0.00568553
1 0.987656 0.0123443
1 0.909194 0.0908062
1 0.930338 0.0696621
-1 0.222688 0.777312
-1 0.0155012 0.984499
1 0.997381 0.00261872
1 0.993578 0.00642166
1 0.996339 0.00366149
1 0.933769 0.0662309
1 0.865399 0.134601
1 0.725297 0.274703
1 0.856062 0.143938
-1 0.481812 0.518188
1 0.5 0.5
1 0.969415 0.030585
1 0.982549 0.017451
1 0.999932 6.83412e-05
1 0.999025 0.000975252
1 0.911515 0.0884846
-1 0.442944 0.557056
1 0.82007 0.17993
-1 0.0210747 0.978925
1 0.909465 0.0905351
1 0.967507 0.0324929
-1 0.0118565 0.988144
1 0.99998 2.01751e-05
-1 0.00365351 0.996346
1 0.684413 0.315587
1 0.999998 2.2958e-06
1 0.99625 0.00375028
1 0.96938 0.0306198
1 0.825314 0.174686
-1 4.11753e-09 1
1 0.999201 0.000799206
1 0.952441 0.0475587
-1 2.79536e-09 1
1 0.978956 0.0210442
1 0.984391 0.0156092
1 0.890174 0.109826
1 0.710797 0.289203
1 0.517216 0.482784
1 0.999817 0.000183354
-1 0.221846 0.778154
1 0.80354 0.19646
1 0.909299 0.0907007
1 0.99861 0.00139049
1 0.999125 0.000874667
1 0.873972 0.126028
1 0.958022 0.0419781
1 0.993615 0.0063851
1 0.988264 0.0117358
1 0.643715 0.356285
1 0.996483 0.00351697
1 0.973311 0.0266887
1 0.999144 0.00085581
1 0.999464 0.000535736
1 0.917394 0.0826064
1 0.941375 0.0586252
1 0.999999 7.31488e-07
1 0.999938 6.17293e-05
1 0.972043 0.0279566
-1 0.0439603 0.95604
1 0.999509 0.000490526
-1 0.00739504 0.992605
1 0.991639 0.00836093
1 0.962108 0.0378923
1 0.909693 0.0903075
-1 0.159419 0.840581
1 0.999911 8.90421e-05
1 0.966707 0.0332928
1 0.973298 0.0267018
1 0.909532 0.0904681
1 0.99966 0.000339808
-1 0.0693156 0.930684
1 0.909988 0.0900122
1 0.999529 0.000471166
1 0.97988 0.0201197
1 0.976108 0.0238918
1 0.997151 0.00284902
1 0.997503 0.00249664
1 0.947707 0.0522925
1 0.687241 0.312759
1 0.99795 0.00205049
-1 0.152357 0.847643
-1 0.322287 0.677713
1 0.999974 2.57121e-05
1 0.999913 8.65093e-05
1 0.999238 0.000762175
1 0.835104 0.164896
1 0.864293 0.135707
1 0.526646 0.473354
1 0.994233 0.00576665
-1 1.68908e-06 0.999998
-1 0.396926 0.603074
1 0.891631 0.108369
-1 0.17574 0.82426
1 0.722263 0.277737
1 0.991195 0.00880548
1 0.990965 0.00903471
1 0.97012 0.0298799
1 0.77225 0.22775
1 0.924643 0.0753573
1 0.962004 0.0379963
1 0.992446 0.00755419
1 0.99993 7.00633e-05
1 0.950659 0.0493408
1 0.684849 0.315151
1 0.999924 7.63756e-05
1 0.90937 0.09063
1 0.727414 0.272586
1 0.811722 0.188278
1 0.909814 0.0901856
1 0.990466 0.00953448
1 0.952202 0.0477976
1 0.99215 0.00784996
1 0.995632 0.00436845
1 0.994333 0.00566675
1 0.935884 0.0641159
1 0.964912 0.0350885
1 0.983215 0.0167854
-1 0.0203311 0.979669
-1 0.0330131 0.966987
1 0.999999 9.68478e-07
1 0.999999 7.34188e-07
1 0.922415 0.0775854
1 0.977785 0.0222148
1 0.957935 0.0420654
1 0.951621 0.0483789
1 0.98853 0.0114698
1 0.998085 0.00191516
1 0.519878 0.480122
1 0.985776 0.0142242
1 0.979623 0.0203772
1 0.943982 0.0560179
1 0.927961 0.072039
-1 0.137805 0.862195
-1 0.0398068 0.960193
1 0.999972 2.78541e-05
1 0.819609 0.180391
-1 1.10678e-05 0.999989
-1 0.108788 0.891212
1 0.995491 0.00450854
1 0.910303 0.0896973
1 0.938556 0.0614444
1 0.987953 0.012047
1 0.909453 0.0905467
1 0.995558 0.00444226
-1 7.28514e-10 1
1 0.873622 0.126378
1 0.977642 0.0223583
1 0.821767 0.178233
1 0.999647 0.000353164
1 0.993131 0.00686917
1 0.997201 0.00279926
1 0.925061 0.0749393
1 0.994277 0.00572271
1 0.957448 0.0425524
1 0.813147 0.186853
1 0.967304 0.0326956
1 0.909572 0.0904276
1 0.789955 0.210045
1 0.996409 0.00359147
-1 1.78374e-11 1
1 0.691486 0.308514
-1 0.125314 0.874686
1 0.911224 0.0887757
-1 0.013422 0.986578
-1 0.411408 0.588592
1 0.97289 0.0271096
1 0.999995 5.25227e-06
1 0.909233 0.0907669
-1 0.0180272 0.981973
-1 0.222907 0.777093
1 0.661594 0.338406
1 0.982452 0.0175483
1 0.999726 0.000273713
1 0.983659 0.0163411
-1 0.170047 0.829953
1 0.938184 0.0618158
1 1 1e-07
1 0.909076 0.090924
1 0.885334 0.114666
-1 0.490189 0.509811
-1 0.217272 0.782728
1 0.887679 0.112321
1 0.605076 0.394924
-1 0.347847 0.652153
1 0.958545 0.0414547
1 0.909133 0.0908673
1 0.999812 0.000188222
1 1 1e-07
1 0.999329 0.000670637
-1 0.126647 0.873353
1 0.659786 0.340214
1 0.979092 0.020908
1 0.99459 0.00540999
-1 0.158443 0.841557
1 0.993276 0.00672429
1 0.542693 0.457307
1 1 1e-07
1 0.993526 0.00647379
1 0.943449 0.0565512
-1 6.44488e-06 0.999994
1 0.99155 0.00844964
1 0.948021 0.0519794
-1 0.0204911 0.979509
1 0.718736 0.281264
1 0.84426 0.15574
1 0.996876 0.0031239
1 0.996752 0.00324806
-1 0.0279929 0.972007
1 0.978364 0.0216355
1 0.868534 0.131466
1 0.99951 0.000490019
1 0.982025 0.017975
1 0.537708 0.462292
1 0.992055 0.00794458
-1 0.466954 0.533046
1 0.653041 0.346959
1 0.939708 0.0602916
1 0.895015 0.104985
1 0.999724 0.000276072
-1 9.82249e-08 1
1 0.746671 0.253329
1 0.986947 0.0130534
1 0.990327 0.00967346
1 0.992073 0.00792701
1 0.910674 0.0893263
1 0.949677 0.0503226
1 0.998768 0.00123237
1 0.982883 0.0171168
1 0.964325 0.0356749
-1 0.340617 0.659383
1 0.999541 0.000459377
1 0.953423 0.0465767
1 0.947346 0.0526537
1 0.993687 0.00631272
-1 0.387323 0.612677
1 0.909294 0.0907059
1 0.963705 0.0362947
1 0.612709 0.387291
1 0.997902 0.00209778
1 0.994745 0.00525461
-1 0.0449582 0.955042
1 0.991874 0.00812622
1 0.581952 0.418048
1 1 4.17341e-07
1 0.790313 0.209687
1 0.964093 0.0359072
-1 0.0970286 0.902971
1 0.998923 0.00107661
1 0.992704 0.00729595
1 0.972145 0.0278554
1 0.983336 0.0166642
1 0.974363 0.025637
1 0.967862 0.0321384
1 0.990452 0.00954827
1 0.951035 0.0489648
1 0.910481 0.0895193
1 0.772453 0.227547
1 0.788912 0.211088
1 0.5 0.5
1 0.742306 0.257694
1 0.999985 1.48314e-05
1 0.999436 0.000564431
1 0.946688 0.0533116
-1 9.06574e-06 0.999991
1 0.80678 0.19322
-1 0.1224 0.8776
-1 1.14003e-07 1
1 0.999999 9.17797e-07
-1 0.0695048 0.930495
1 0.90959 0.0904102
1 0.961774 0.0382255
1 0.66178 0.33822
1 0.977128 0.0228723
1 0.999837 0.000162902
1 0.996421 0.00357862
1 0.993251 0.00674936
1 0.985303 0.0146968
1 0.986493 0.0135067
1 0.986036 0.013964
1 0.851589 0.148411
1 0.908928 0.0910718
1 0.897235 0.102765
1 0.591576 0.408424
-1 0.0306819 0.969318
-1 0.0704517 0.929548
1 0.982297 0.017703
1 0.989074 0.010926
1 0.695422 0.304578
-1 0.0968346 0.903165
1 0.992284 0.00771595
1 0.989385 0.0106149
1 0.981581 0.0184194
1 0.909992 0.090008
1 0.723484 0.276516
1 0.979321 0.0206793
1 0.993521 0.00647867
1 0.987451 0.0125489
-1 0.322481 0.677519
1 0.880781 0.119219
1 0.909619 0.0903808
1 0.989704 0.0102965
1 0.961369 0.0386311
1 0.817341 0.182659
1 0.908933 0.0910668
1 0.546514 0.453486
-1 0.467253 0.532747
1 0.865205 0.134795
1 0.963301 0.0366992
1 0.867116 0.132884
1 0.984997 0.0150031
1 0.608761 0.391239
1 0.52823 0.47177
1 0.948427 0.0515728
1 0.575417 0.424583
-1 0.0184942 0.981506
1 0.563143 0.436857
1 0.978202 0.0217984
1 0.999632 0.000368386
-1 0.0178027 0.982197
-1 0.310412 0.689588
1 0.995169 0.00483087
1 0.991261 0.00873926
1 0.968917 0.0310828
1 0.997586 0.00241352
1 0.999792 0.000207715
1 0.957288 0.042712
1 0.847661 0.152339
1 0.986803 0.0131969
1 0.922391 0.0776092
1 0.908942 0.091058
1 0.999325 0.000674746
1 0.999998 1.8875e-06
1 0.995799 0.00420068
1 0.994478 0.00552185
1 0.553268 0.446732
-1 0.0159277 0.984072
1 0.961499 0.0385014
1 0.994316 0.00568363
1 0.999995 5.2293e-06
-1 1.08616e-08 1
-1 0.347839 0.652161
1 0.999837 0.000163327
1 0.959232 0.0407682
1 0.974973 0.0250265
-1 7.62961e-06 0.999992
1 0.999435 0.000565068
1 0.931452 0.0685481
1 0.999756 0.000243595
-1 0.33298 0.66702
1 0.909728 0.0902716
1 0.999781 0.000219229
-1 0.141152 0.858848
1 0.999981 1.91322e-05
-1 0.459565 0.540435
1 0.987548 0.0124516
1 0.745273 0.254727
-1 0.00961691 0.990383
1 0.98117 0.0188302
1 0.936903 0.0630969
1 0.997369 0.00263078
1 0.938991 0.0610086
1 0.968218 0.0317816
-1 0.0660443 0.933956
1 0.991932 0.00806849
-1 0.262195 0.737805
1 0.98219 0.0178099
1 0.949407 0.0505935
1 0.889178 0.110822
1 0.890279 0.109721
1 0.822826 0.177174
1 0.967141 0.0328591
1 0.995426 0.00457367
1 0.980381 0.0196192
1 0.983261 0.0167392
1 0.963296 0.0367041
1 0.909775 0.0902254
1 0.994269 0.00573147
-1 0.0424033 0.957597
1 0.953807 0.0461934
1 0.960132 0.0398676
1 0.90982 0.0901799
1 0.549609 0.450391
1 0.999988 1.1652e-05
1 0.910493 0.0895068
1 0.743822 0.256178
1 0.910778 0.0892217
1 0.988647 0.0113528
1 0.679692 0.320308
1 0.688488 0.311512
1 0.697458 0.302542
1 0.624484 0.375516
1 0.909253 0.0907466
-1 0.395301 0.604699
1 0.923905 0.0760945
1 0.986181 0.0138188
1 0.647171 0.352829
-1 0.430929 0.569071
1 0.999555 0.000444841
1 0.931212 0.0687881
1 0.96554 0.0344602
1 0.99726 0.00274017
1 0.969604 0.0303965
1 0.993261 0.00673914
1 0.925835 0.074165
-1 0.104849 0.895151
1 0.785592 0.214408
-1 0.0542845 0.945715
-1 0.415562 0.584438
1 0.990115 0.00988472
-1 0.22744 0.77256
1 0.999365 0.000634698
-1 0.101444 0.898556
-1 0.092596 0.907404
-1 0.0366878 0.963312
1 0.664183 0.335817
1 0.910016 0.0899843
1 0.97356 0.0264403
1 0.940051 0.0599486
1 0.938606 0.0613941
1 0.996385 0.00361481
1 0.965718 0.0342822
1 0.993856 0.00614363
1 0.613697 0.386303
1 0.999899 0.000100606
-1 3.98331e-11 1
1 0.90938 0.0906198
1 0.999914 8.58167e-05
1 0.929313 0.0706874
1 0.999805 0.000195308
1 0.973913 0.0260869
1 0.917155 0.0828452
1 0.987008 0.0129921
1 0.593699 0.406301
-1 7.82125e-07 0.999999
1 0.983877 0.0161232
1 0.996498 0.00350247
1 0.99902 0.00098022
-1 0.183226 0.816774
1 0.996873 0.00312676
1 0.961749 0.0382511
1 0.96082 0.0391795
1 0.9846 0.0153996
1 0.997835 0.00216516
-1 0.25356 0.74644
1 0.999984 1.63312e-05
1 0.909639 0.0903615
-1 0.0529042 0.947096
-1 0.280693 0.719307
1 0.982063 0.0179373
1 0.891812 0.108188
1 0.908863 0.0911367
1 0.54538 0.45462
1 0.971843 0.0281574
1 0.97583 0.02417
1 0.997372 0.00262819
-1 0.205501 0.794499
-1 0.314982 0.685018
1 0.930779 0.0692206
1 0.985211 0.0147895
1 0.909606 0.0903943
1 0.909238 0.0907622
1 0.993425 0.00657547
1 0.99451 0.00549016
-1 0.0539199 0.94608
1 0.999944 5.5755e-05
1 0.981216 0.018784
1 0.998573 0.00142718
1 0.804984 0.195016
1 0.844501 0.155499
1 0.949886 0.0501139
1 0.82215 0.17785
-1 0.32268 0.67732
1 0.918551 0.0814492
1 0.910314 0.0896862
1 0.9845 0.0155001
1 0.981976 0.018024
1 0.957311 0.0426885
1 0.949701 0.0502991
-1 0.392274 0.607726
1 0.994167 0.0058334
-1 0.356334 0.643666
-1 0.184357 0.815643
1 0.971003 0.0289974
1 0.966674 0.033326
1 0.909606 0.0903938
-1 0.253496 0.746504
1 0.967096 0.0329044
1 0.854628 0.145372
1 0.909089 0.0909113
-1 0.362094 0.637906
-1 0.266742 0.733258
-1 0.231963 0.768037
-1 7.22357e-06 0.999993
-1 0.250428 0.749572
1 0.981946 0.0180543
1 0.997756 0.00224368
1 0.942035 0.057965
-1 0.0629695 0.937031
1 0.904159 0.0958414
1 0.935886 0.0641139
1 0.878001 0.121999
1 0.909671 0.0903294
1 0.996964 0.00303583
1 0.986605 0.0133952
1 0.956007 0.0439925
1 0.997589 0.00241052
-1 0.0314188 0.968581
1 0.975933 0.0240675
1 0.612908 0.387092
1 0.999999 8.50203e-07
1 0.693944 0.306056
1 0.910166 0.0898341
1 0.996426 0.0035737
1 0.996464 0.00353594
1 0.960036 0.0399638
-1 0.488778 0.511222
1 0.993262 0.00673831
1 0.923612 0.0763876
1 0.793091 0.206909
1 0.942068 0.0579318
1 0.962432 0.0375681
1 0.930027 0.0699735
1 0.5 0.5
1 0.797582 0.202418
-1 1.21851e-06 0.999999
1 0.997511 0.00248859
1 0.541042 0.458958
1 1 1.84015e-07
1 0.936828 0.0631723
1 0.995017 0.00498299
1 0.99538 0.00462034
1 0.865491 0.134509
-1 0.0394799 0.96052
1 0.999927 7.3017e-05
1 0.80511 0.19489
1 0.999814 0.000186116
1 0.556932 0.443068
-1 0.190416 0.809584
1 0.995946 0.00405447
1 0.592033 0.407967
1 0.999593 0.000407125
1 0.963981 0.036019
1 0.994527 0.0054731
1 0.641706 0.358294
1 0.996045 0.0039554
-1 0.383076 0.616924
1 0.999394 0.000605953
-1 0.323431 0.676569
1 0.717016 0.282984
1 0.999588 0.000412385
1 0.909233 0.0907672
1 0.5 0.5
-1 7.1729e-06 0.999993
1 0.51826 0.48174
1 0.999243 0.0007571
1 0.995122 0.00487817
1 0.90884 0.0911598
1 0.999995 5.33492e-06
1 0.856441 0.143559
1 0.998901 0.00109853
1 0.989332 0.010668
1 0.99005 0.00994968
1 0.977803 0.022197
1 0.618449 0.381551
1 0.9867 0.0133004
1 0.996845 0.00315469
1 0.991093 0.00890686
1 0.996907 0.00309335
1 0.981118 0.0188816
1 0.922408 0.0775923
1 0.994803 0.00519662
1 0.98466 0.01534
1 0.716618 0.283382
1 0.959888 0.0401124
-1 4.46842e-07 1
-1 3.83971e-06 0.999996
1 0.909134 0.090866
1 0.996208 0.00379191
1 0.952435 0.0475651
1 0.909509 0.0904909
1 0.963624 0.0363759
1 0.944076 0.0559243
1 0.999803 0.000197073
-1 0.00595753 0.994042
1 0.881563 0.118437
1 0.923712 0.0762882
1 0.999259 0.00074129
1 0.983034 0.0169663
1 0.914382 0.0856177
1 0.986793 0.0132074
1 0.983375 0.0166249
1 0.999852 0.000148068
-1 0.133048 0.866952
1 0.975607 0.0243932
-1 0.46348 0.53652
1 0.978039 0.0219609
1 0.999407 0.000592658
-1 0.383944 0.616056
1 0.970007 0.0299933
1 0.981424 0.0185765
1 0.974758 0.0252422
1 0.993586 0.0064135
1 0.840419 0.159581
1 0.922452 0.0775481
1 0.99998 1.96444e-05
1 0.94656 0.0534398
1 0.834398 0.165602
-1 0.29436 0.70564
1 0.999894 0.000106452
1 0.958013 0.0419869
1 0.996655 0.00334549
-1 0.0650105 0.934989
1 0.996045 0.00395528
1 0.932957 0.0670427
-1 0.0358564 0.964144
1 0.987672 0.012328
-1 0.0170297 0.98297
1 0.986186 0.0138139
1 0.961417 0.0385825
1 0.977763 0.0222365
1 0.668466 0.331534
1 0.961013 0.0389865
-1 0.248198 0.751802
1 0.928868 0.071132
-1 0.0149626 0.985037
1 0.600476 0.399524
1 0.937911 0.0620888
1 0.95194 0.0480597
-1 0.16004 0.83996
1 0.972649 0.027351
-1 0.0156711 0.984329
1 0.937988 0.062012
1 0.996879 0.00312096
1 0.733472 0.266528
1 0.945295 0.0547049
1 0.900259 0.0997414
1 0.81223 0.18777
1 0.997923 0.00207659
1 0.963279 0.0367206
1 0.968792 0.0312085
1 0.962328 0.0376723
1 0.999459 0.000541072
1 0.997635 0.00236532
1 0.964002 0.0359983
1 0.995402 0.00459817
1 0.890446 0.109554
1 0.997176 0.00282361
1 0.776329 0.223671
-1 0.186417 0.813583
1 0.841167 0.158833
1 0.983287 0.0167125
1 0.988102 0.0118979
1 0.988704 0.0112959
1 0.968498 0.0315015
1 0.985048 0.0149524
-1 0.0282135 0.971786
1 0.909352 0.0906484
-1 0.0425613 0.957439
1 0.99687 0.00313009
1 0.975557 0.0244432
1 0.942664 0.0573358
1 0.53014 0.46986
1 0.941096 0.0589036
1 0.963851 0.036149
1 0.997103 0.00289744
-1 0.309853 0.690147
1 0.96104 0.0389603
1 0.996456 0.00354356
1 0.909213 0.0907867
1 0.729127 0.270873
1 0.976883 0.023117
1 0.601183 0.398817
1 0.938631 0.0613692
1 0.996369 0.00363122
-1 0.00288218 0.997118
1 0.999982 1.79787e-05
1 0.898598 0.101402
-1 0.45301 0.54699
1 0.999247 0.000753176
1 0.999433 0.000566949
1 0.919752 0.0802481
1 0.984779 0.0152207
1 0.99685 0.00315033
1 0.985617 0.0143832
1 0.861487 0.138513
1 0.955276 0.0447237
-1 0.265692 0.734308
1 0.997939 0.00206125
1 0.999131 0.000869307
1 0.884006 0.115994
1 0.973142 0.0268584
1 0.999259 0.000740954
1 0.90871 0.0912896
1 0.999999 7.36075e-07
1 0.910161 0.0898394
1 0.575112 0.424888
-1 0.0153733 0.984627
1 0.996955 0.003045
-1 0.0134368 0.986563
1 0.999926 7.40629e-05
1 0.984077 0.015923
-1 0.269469 0.730531
1 0.874505 0.125495
1 0.999937 6.31354e-05
1 0.909084 0.0909156
1 0.999137 0.000862945
-1 0.264454 0.735546
1 0.986788 0.0132125
-1 0.407972 0.592028
1 0.934963 0.0650371
1 0.792823 0.207177
1 0.979212 0.0207883
1 0.910134 0.0898658
1 0.999741 0.000258944
1 0.953776 0.046224
-1 9.07303e-10 1
1 0.998592 0.00140781
1 0.972883 0.0271174
1 0.995453 0.00454678
1 0.711267 0.288733
1 0.987752 0.0122482
1 0.986116 0.0138839
1 0.698341 0.301659
-1 0.0287007 0.971299
1 0.889913 0.110087
1 0.984621 0.015379
-1 0.0726101 0.92739
1 0.993888 0.00611153
1 0.942416 0.0575835
