0.112674
0.909171
0.981958
0.73035
0.998715
0.471379
0.895215
0.999513
0.188949
0.883233
0.997366
0.898524
0.862692
0.84979
0.909512
0.995631
0.909255
0.00357213
0.961151
0.883632
0.999995
0.997115
0.966029
0.951525
0.755021
0.993757
0.0599995
0.994814
0.994592
0.485407
0.998669
0.98505
0.662338
0.998206
0.996708
0.563818
0.933153
0.0372603
0.992702
0.999998
0.90993
0.993044
0.986866
0.992333
0.999446
0.761894
0.629223
0.999004
0.984532
0.282154
0.996632
0.901965
9.39771e-06
0.988801
0.972535
0.92411
0.902866
0.994327
0.979321
0.999944
0.937705
0.985542
0.929798
0.19407
0.871927
0.964009
0.959777
0.828597
0.938099
0.173372
0.525084
0.94853
0.991295
0.97047
0.0124764
0.879951
0.415168
0.996649
0.704456
0.971536
0.848845
0.992879
0.998482
0.120242
0.864775
0.739402
0.857613
0.966293
0.909394
0.0126074
0.909471
0.999846
0.909267
0.999999
0.909436
0.953186
0.911385
8.94811e-08
0.992872
0.99999
0.0489459
0.686329
0.987369
0.812318
0.935535
0.685115
0.909529
0.831074
0.999213
0.890322
0.999985
0.909566
0.701171
0.98409
0.0348338
0.91775
0.857115
0.996493
0.0122885
0.838368
0.194709
4.95003e-06
0.999732
0.0941087
0.428843
0.0143163
0.989228
0.999942
0.909338
0.873366
0.909904
0.822028
3e-14
0.983127
0.998847
0.281576
0.9115
0.871158
0.909342
0.889943
0.999989
0.737762
0.885838
0.197217
0.982001
0.581683
0.0968387
0.633785
0.997292
0.24478
0.0228953
0.710164
0.106723
0.986526
0.999986
0.943522
0.969307
0.960946
0.575281
0.984199
0.999378
0.865586
0.0885926
0.999534
0.998637
0.934226
0.91022
0.982105
0.807965
0.91161
0.989379
0.909774
0.908916
0.999967
0.0119822
0.0896162
0.877392
0.381123
0.909826
0.995819
0.963138
0.978461
0.998295
0.971612
0.965426
0.807928
0.997687
0.97202
0.959871
0.952663
0.96521
0.997137
0.999998
0.957824
0.716766
0.999996
0.444883
0.963129
0.870608
0.017181
0.3082
0.998745
0.0805205
0.529366
0.999902
0.992551
0.206982
0.909775
0.737167
0.998335
0.783264
0.991316
0.98457
0.239728
0.909491
0.64025
0.931982
0.987734
0.998342
0.969381
0.0934378
0.172822
0.685515
0.00874136
0.999791
0.953903
0.879303
0.975468
0.432231
0.00838119
0.858602
0.908821
0.909774
0.891097
1
0.909389
0.999572
0.0600867
0.986854
0.998567
0.218597
0.138635
0.0164115
0.988266
0.971436
1
0.996382
0.909133
0.972139
0.876319
0.978369
0.999354
0.455664
0.724315
0.936609
0.015121
0.995295
0.977993
0.872768
0.97238
0.997528
0.603082
0.909496
0.894974
0.645559
0.706001
0.854731
0.991322
0.90972
0.991634
0.90972
0.0724115
0.957049
0.999021
0.601679
0.972568
3.34561e-06
0.99297
0.00410181
0.939527
1.18855e-07
0.940154
0.997433
0.998515
0.978004
0.946796
0.876639
0.948271
0.0438105
0.988834
0.998725
0.999554
0.948761
0.228256
0.999942
0.344824
0.744587
0.0305597
0.944759
0.633051
0.976572
0.0931183
0.267466
0.997232
0.387351
0.777016
0.118552
0.909361
0.989586
0.999875
0.976492
0.998947
0.94031
0.996069
0.885929
0.942751
0.943875
0.983614
0.996464
0.287359
0.9934
0.914954
0.919506
0.323359
0.00348243
0.999591
0.995033
0.0866781
0.324436
0.873756
0.998547
0.192172
0.880567
0.999514
0.956308
0.997925
0.968509
0.922931
0.71956
0.909655
0.988529
0.668053
0.69553
0.99605
0.997009
0.912427
0.999416
0.150617
0.999999
0.325482
0.909191
0.996428
0.999976
0.997841
0.954543
0.819165
0.776015
0.998713
1.33681e-09
0.996531
0.999645
0.0777442
0.972196
0.396613
0.752821
0.0754076
0.112961
0.999273
0.999984
0.970725
0.921674
0.793445
0.508174
0.991306
0.984518
0.999584
0.90124
0.999996
0.99937
0.999969
0.746019
0.999925
0.909147
0.781598
0.975814
0.973041
0.93382
0.998046
0.729439
0.96674
0.386476
0.956068
0.836141
0.991041
0.658699
0.999575
1.82319e-06
0.805685
0.987783
0.726515
0.994199
0.909863
0.909148
0.994445
0.995416
0.222087
0.563782
0.916182
0.984543
0.973164
0.903457
0.910483
0.871335
0.99955
0.984489
0.800218
0.932697
0.999147
0.985758
0.997521
0.99329
0.971528
0.708977
0.999957
0.942686
0.00274947
0.993377
0.922778
0.845488
0.982141
0.945168
0.0541315
0.998801
0.99946
0.616546
0.985006
0.957716
0.964389
0.913722
0.994157
0.991067
0.995048
0.104465
0.919078
0.999924
0.368191
0.991774
0.999222
0.999349
0.987359
0.99622
0.993707
0.857929
0.910024
0.995466
0.989277
0.9395
0.999613
0.995817
0.0254833
0.682179
0.909313
0.982819
0.0202468
0.338065
0.739766
0.997234
0.989456
0.692896
0.894655
0.992607
0.999951
0.415343
0.910223
0.996387
0.977735
8.54915e-09
0.933921
0.997624
0.0431908
0.990245
0.965888
0.101488
0.996575
0.925538
0.95559
0.801827
0.986951
0.938649
0.910676
0.99206
0.909787
0.937859
0.981783
0.909891
0.898224
0.779075
0.994396
0.988368
0.47053
1
0.909832
0.39543
0.96748
0.589586
0.947693
0.988927
0.999379
0.126752
0.700298
2.29959e-06
0.235107
0.713431
0.999779
0.91464
0.944969
0.909759
0.798099
0.909358
0.983271
0.909836
0.991627
0.999982
0.158922
0.999503
0.153931
0.978405
0.0969441
0.65787
0.178173
0.890293
0.998519
0.995462
0.999997
0.945053
0.41279
0.999714
0.969887
0.992981
0.95426
3e-14
0.976142
0.950518
0.971895
0.999809
0.9991
0.823019
0.938874
0.989753
0.10546
0.894453
0.0506924
0.99974
0.994313
0.770726
0.997825
0.881981
0.980142
0.00688582
0.940691
0.909785
0.761456
0.881646
0.98533
0.994445
0.81602
0.739815
0.9991
0.994917
0.999093
0.834457
0.999289
0.862496
0.983442
0.940618
0.909757
0.811451
0.99085
0.984855
0.667855
0.961075
0.978887
0.940151
0.994333
0.936837
0.443626
0.983298
0.589733
0.885965
0.298033
0.979172
0.970709
0.540607
0.909026
0.684395
0.0743395
0.826322
0.90978
0.969347
0.993753
0.999999
0.292132
1
0.407989
0.909453
0.275972
0.883335
0.971046
0.996782
0.0834412
0.9897
0.997507
0.6326
0.284296
0.802978
0.987536
0.513499
0.522314
0.224562
0.0129535
0.999932
0.971989
0.847457
0.96887
0.606292
0.994071
0.976272
0.129562
0.786031
0.820257
0.909575
0.882525
0.0189517
0.95538
0.985528
0.973952
0.197443
0.997821
0.978987
0.909454
0.485168
1.63675e-05
0.959598
0.126015
0.99496
0.980467
0.958935
0.192703
0.534889
0.925586
0.122142
7.84376e-11
0.649512
0.982509
0.658168
0.466937
0.492215
0.153891
0.919941
0.974828
0.991615
0.649457
0.695191
0.994157
0.998022
0.950168
0.832623
0.973407
0.979391
0.999588
0.973469
0.859945
0.987826
0.997822
0.998933
0.744197
0.00350243
0.920534
0.966251
0.307992
0.598609
0.92934
0.294258
0.78062
0.979636
0.809066
0.973554
0.909419
0.994701
0.999963
0.815101
0.960456
0.999999
0.995441
0.0041284
0.90942
0.914484
0.929731
0.991287
0.152711
0.999991
0.999201
0.949112
0.439733
0.911517
0.991871
0.889688
0.183154
0.990969
0.999823
0.952385
0.992971
0.877512
0.943442
0.901557
0.863442
0.999504
0.909688
0.909307
0.959775
0.400033
0.933171
8.34349e-09
0.999489
0.986167
0.956806
0.676859
0.993902
0.988591
0.30079
7.8686e-08
0.0151318
0.845169
0.201087
0.903218
0.473186
0.854554
0.290234
0.998643
0.909199
0.915744
0.999067
0.706716
0.963846
0.0867497
0.922056
0.909415
0.93541
0.90916
0.923586
0.909122
0.985133
0.0523017
0.999731
0.968215
0.999995
0.872012
0.997922
0.999979
0.999937
0.82617
0.0922122
0.949377
0.993888
0.89893
0.993659
0.942135
0.999861
0.995803
0.999975
0.544627
0.523122
0.900089
0.964117
0.999005
0.592434
0.999035
0.243678
0.00602568
0.990168
0.996941
0.00614485
0.994163
2.77696e-06
0.0174652
0.960123
0.483785
0.995233
0.977339
0.949755
0.999912
0.97335
0.99949
0.951776
0.0203855
0.986488
0.241213
0.999996
0.958754
0.00554945
0.0770798
0.522498
0.175539
0.754282
0.995036
0.0302595
0.910487
0.562684
0.999643
0.806669
0.963968
0.667432
0.909932
0.0263499
0.940056
0.909952
0.0993524
0.42197
0.868065
0.940111
0.999801
0.972108
0.979361
0.995715
0.868271
0.543499
3.46974e-06
0.183227
0.924559
0.937945
0.994493
0.98613
0.161262
0.990545
0.999716
0.951544
0.98035
0.999729
0.921954
0.947059
0.997601
0.999848
0.981036
0.909377
0.989443
0.657745
0.999533
0.999992
0.999558
0.993424
0.967984
0.996025
0.999475
0.939172
0.913999
0.972237
0.997106
0.399847
0.999647
0.0686099
0.989901
0.975206
0.855021
0.998253
0.999968
0.988458
0.989667
0.967081
0.026615
0.980602
0.999988
0.999981
0.995474
0.997685
0.919772
0.700562
0.99662
0.943846
0.00379131
0.0345297
1
0.90975
0.993185
0.995205
0.994943
0.909624
0.0474114
0.995664
0.977338
0.67237
0.695217
0.996344
0.789574
0.969937
0.311075
0.99997
0.678667
0.406675
0.0670391
0.9879
0.999972
0.999989
0.982687
0.996987
0.979365
0.999214
0.00376096
1
0.67046
0.0240346
0.825963
0.992161
0.0596689
0.4005
0.353977
0.979888
0.998909
0.990185
0.995995
4.52549e-08
0.909837
0.88292
0.999995
0.978102
0.984691
0.996228
0.945275
0.952248
0.347033
0.724375
0.892342
0.999668
0.988533
1
0.90967
0.277154
0.292246
0.927309
0.909086
0.998471
0.911407
0.91569
0.998441
0.486276
0.997459
0.969833
0.457142
0.89616
0.997548
0.748159
0.793912
1
0.930384
0.9093
0.915118
0.905796
0.965967
0.909546
0.855644
0.996428
1.03376e-06
0.379704
0.528078
0.944301
0.994909
0.981397
0.984929
0.840572
0.996673
0.850514
0.972442
0.901758
0.959525
0.0593854
0.358611
0.909492
0.996262
0.998857
0.885015
0.998822
0.994268
0.94037
0.992523
0.941357
0.990172
0.999114
0.950059
0.80927
0.90907
0.984855
0.1423
0.0663918
0.999999
0.969057
0.665588
0.999516
0.94412
0.949969
0.395842
0.997209
0.704218
0.913914
0.322081
0.984188
0.987751
0.993892
0.910391
0.934945
0.998365
0.976677
0.126222
0.881338
0.908935
0.982822
0.914451
0.979248
0.993174
0.888204
0.887871
0.998533
0.998471
0.941403
0.283364
1.0352e-07
0.0806909
0.999385
0.971587
0.987479
0.994994
0.97628
0.444269
0.999986
0.962387
0.999656
0.917017
0.836169
0.968576
0.856685
0.517573
0.352835
0.991996
0.994002
0.910118
0.0028265
0.988965
0.849343
0.904347
0.910122
0.999971
0.99695
0.999404
0.916052
0.996112
0.821856
0.984812
0.758266
0.909229
0.936239
0.802287
0.766198
0.836958
0.998867
0.950959
0.999999
0.987678
0.433626
0.997656
0.00657548
0.0356698
0.989307
0.910271
0.587772
0.733368
0.955014
0.980376
0.989745
0.934877
0.876177
0.909354
0.965698
0.927451
0.94294
0.972274
0.994885
0.145899
0.988129
0.98923
0.957679
0.96574
0.912401
0.910106
0.999282
0.928948
0.993272
0.944159
0.80965
0.836344
0.999613
0.864003
0.959722
0.0322093
0.999994
0.945808
0.0898499
0.945556
0.941146
0.93958
0.982369
0.899277
0.0102199
0.999894
0.565323
0.974782
0.705867
0.908992
0.975551
0.938816
0.0923805
0.857884
0.989248
1
0.982445
0.980463
0.987874
0.667484
0.997718
0.661986
0.178032
0.808681
0.944673
0.998171
0.997161
0.585226
0.99286
0.992147
0.997417
0.00591271
0.872012
0.955474
0.978052
0.909427
0.999948
0.996619
0.999996
0.987584
0.00356836
0.460256
0.91015
0.0638535
0.909228
0.993507
0.990523
0.998001
0.940329
0.909742
0.594984
0.95741
0.963478
0.909583
0.476009
0.988033
0.999403
0.010265
0.910692
1
0.999206
0.892457
0.984125
0.711746
0.999458
0.933726
0.997662
0.989355
0.827639
0.85509
0.669428
0.993958
0.860015
0.837413
2.86749e-06
0.979293
0.761655
0.986814
0.979175
0.909949
0.999948
0.933491
0.998412
0.944495
1
0.999976
1
0.0706017
0.909089
0.952097
0.999967
0.998804
0.936934
0.978331
0.0676978
0.999942
0.910253
0.990637
0.999078
0.909125
0.982253
0.414921
0.997029
0.343428
0.996182
0.911136
0.785702
1
0.086967
0.0453165
0.809572
0.0208771
5.04853e-06
0.939394
0.589946
0.999862
0.06783
0.570639
0.310007
0.848335
0.99979
0.344377
0.833407
0.878622
0.799102
0.538231
0.974301
0.96734
0.985583
0.00324618
0.666626
0.994428
0.973526
0.839002
0.00702541
0.97358
0.997102
0.712684
0.997419
0.998989
0.975886
0.685903
0.994742
0.99332
0.672609
0.805452
0.220863
0.331202
0.365268
0.936032
0.858537
0.897152
0.900096
0.535616
1
0.910405
0.947335
0.999943
0.951815
0.964351
0.995978
0.99564
0.921102
0.979528
0.999976
0.00851098
0.992838
0.952054
0.777271
0.936396
0.401686
0.956357
0.994724
0.935349
0.975432
0.00534385
0.491179
0.309163
0.90904
0.939918
0.0622768
0.0998695
0.938291
0.0815559
0.346596
0.936564
0.249305
0.304462
0.582673
0.175775
0.762603
0.991264
0.922668
0.999999
0.994201
0.933392
0.994907
0.909937
0.946074
0.835927
0.197914
0.992798
0.789454
0.923338
0.316518
0.909858
0.999941
0.910148
0.979329
0.999155
0.94017
0.953942
0.999475
0.56795
0.928736
0.998861
0.938453
0.93919
0.950186
0.221616
0.99952
0.830112
0.909999
0.210715
1.43596e-05
0.983105
0.941118
0.989
0.875974
0.909123
0.999952
0.999681
0.618686
0.909178
8.4889e-07
0.878741
0.793342
0.99919
0.974143
0.914219
0.940026
0.997673
0.999959
0.908841
0.990216
0.228642
0.883694
0.99579
0.387696
0.98367
0.837263
0.999024
0.979375
0.990418
0.428428
0.612595
0.629907
0.991842
0.991867
0.99884
0.0064265
0.999097
0.890844
0.927398
0.999134
0.98636
0.909512
0.986367
0.56755
0.987527
0.909408
0.919912
0.655532
1
0.972445
0.357443
0.994645
0.938609
0.157193
0.982555
0.999918
0.987314
0.998297
0.996601
0.789506
0.933915
0.965225
0.0127627
0.993236
0.115438
0.998899
0.921241
0.993735
0.999452
0.97488
0.483701
0.0248875
0.987659
0.0160436
0.994068
0.858818
0.221058
0.986213
0.999022
0.908932
0.999341
0.99972
0.909874
0.959467
0.998374
0.978928
0.909539
0.358328
0.999705
0.975782
0.39498
0.18284
0.998791
0.234637
0.067093
0.986483
0.00427598
0.902925
0.999628
0.0625202
0.985447
0.176149
0.886093
0.999531
0.984446
0.874929
0.658758
0.135629
0.999177
0.292835
0.94119
0.146665
0.964328
0.0198758
0.999906
0.846497
0.972251
0.999253
0.396011
0.999977
0.922287
0.860211
0.294517
6.13915e-06
0.769689
0.136182
0.929786
0.998216
0.984958
0.999991
0.99832
0.831747
0.8601
0.897337
0.909119
0.909646
0.97761
0.111808
0.901256
0.999675
0.99989
0.999997
0.909177
0.991409
0.919212
0.452108
0.293591
0.412559
0.883479
0.96102
0.938012
0.997392
0.995852
0.986527
0.994097
0.620645
0.973062
0.999895
0.789469
0.870078
0.987006
0.153878
0.909913
0.798745
0.959643
0.866845
0.76209
0.994035
0.98
0.942611
1
0.704897
0.958165
0.981858
0.993413
0.135177
0.989671
0.985754
0.180996
0.989224
0.999728
0.850436
0.982047
1.33646e-05
0.991222
0.128302
0.900573
0.0785578
0.999943
0.986775
0.621535
0.144733
0.908205
0.986354
0.0331545
0.0899984
0.884846
0.909667
0.051684
0.994843
0.998966
0.635233
0.992942
0.0908502
0.910781
0.267896
0.985011
0.94113
0.999991
0.999795
0.917303
1.04181e-10
0.978351
0.66632
0.999946
0.985986
0.932723
0.909683
0.935445
0.985694
0.706936
0.999681
0.242474
0.705178
0.970208
0.911472
0.992766
0.939724
0.998881
0.980823
0.437366
0.939479
0.993714
0.998205
0.993151
0.909804
0.991733
0.960576
0.979034
0.981686
0.995909
0.813509
0.963801
0.996267
0.401652
0.951852
0.909827
0.989776
0.985705
0.00970585
0.0256389
0.661566
0.690108
0.386388
0.0148522
0.954923
0.999312
0.202926
0.847642
0.817349
0.853757
0.99286
0.999441
0.920702
0.955167
0.832391
0.57191
0.99782
0.0475951
0.95879
0.965196
0.897118
0.999458
0.505768
0.999893
0.969012
0.370448
0.910252
0.333971
0.896377
0.643543
0.999527
0.943026
0.668566
0.969355
0.999533
0.997388
0.360802
0.979849
0.714188
0.991291
1.48613e-05
0.993693
0.967332
0.399005
0.105254
0.98275
0.946851
0.992112
0.998127
0.998441
0.974547
0.974909
0.998172
0.990087
2.92623e-06
0.960694
0.946285
0.993373
0.736494
0.908664
0.994323
0.959337
0.999999
0.994826
0.788933
0.983999
0.90993
0.909682
0.00922017
0.949852
0.886633
0.990394
0.989698
0.880296
0.989295
0.97342
0.983205
0.979992
0.992795
0.85021
0.998018
0.413849
0.214081
0.977576
0.959708
0.909704
0.958689
0.976321
0.0881342
0.0375322
0.909604
0.94581
0.873932
0.588869
0.694081
0.994061
0.0048183
0.890291
0.9223
0.997012
0.999811
0.279601
0.991539
0.908973
0.999281
0.998944
0.192866
0.999997
0.999831
0.909856
0.974078
0.947901
0.987718
0.532297
0.99887
0.608128
0.91703
0.995587
0.977538
0.970344
0.999989
0.982383
0.475582
0.952472
0.999904
0.0278937
0.986254
0.998958
0.479794
0.979558
0.909917
0.986252
0.06181
0.144386
0.224882
0.989349
0.994341
0.910006
0.909309
0.808112
0.992182
0.989031
0.910338
0.93903
0.999176
0.849734
0.659922
0.987858
0.98289
0.999862
0.0642844
0.158649
0.541579
0.930959
0.174535
0.90894
0.992936
0.985861
0.122371
0.972899
0.99829
0.94686
0.637232
0.908976
0.948256
0.718929
0.791347
0.999626
0.955368
0.761437
0.380983
0.199181
0.65802
0.199568
0.985879
0.909542
0.756591
0.53108
0.999941
0.984312
0.909214
0.220793
0.0221916
0.999431
0.994457
0.980458
0.999885
0.995317
0.911681
0.960414
0.999974
0.909841
0.0216865
0.999998
0.991738
0.086124
0.992638
0.908979
0.848566
0.994679
0.0761855
0.992418
0.133462
0.92169
0.940821
0.0512947
1
0.992012
0.336124
0.364825
0.0805837
0.835928
0.999349
0.0751081
0.999074
0.74851
0.946963
0.909693
0.0238611
0.909959
0.927827
0.929011
0.829735
0.999745
0.985718
0.847778
0.996473
0.955614
0.996756
0.894927
0.986046
0.908849
0.954585
0.112141
0.784652
0.998242
0.876622
0.979462
0.990929
0.0920574
0.633967
0.981111
0.99933
0.899648
0.958285
0.999943
0.872942
0.910076
0.990497
0.988289
0.997526
0.981728
0.908704
0.95512
0.999983
0.983855
0.00312732
0.0095203
0.014399
0.990477
0.999958
0.352393
0.910476
0.83871
0.920271
0.342945
0.999978
0.980837
0.955484
0.909039
0.9576
0.909227
0.0489693
0.993334
0.473551
0.908962
0.935871
1.31287e-06
0.0123308
0.934406
8.05138e-06
0.835791
0.227775
0.878423
0.620952
0.994362
0.990796
0.99687
0.815343
0.957547
0.975788
0.968592
0.999958
0.975573
0.922235
0.844287
0.866133
0.999563
0.996702
0.99935
0.924269
0.987318
0.919997
0.996139
0.973837
0.99933
0.987535
0.91144
0.999432
0.388601
1
0.988876
0.848423
0.909572
0.137112
0.993407
0.999888
0.361219
0.992846
0.96454
0.262115
0.618682
0.979336
0.0210613
0.981213
1.66999e-07
0.999218
0.909272
0.651313
0.886757
0.975262
0.981462
0.0533408
0.985776
0.996695
0.999284
0.999682
0.747065
0.95019
0.92762
0.963895
0.979004
0.958433
0.686361
0.997944
0.999872
0.232181
0.972915
0.463632
0.916303
0.999757
0.0543192
0.999673
0.995898
0.687272
0.597083
0.935283
3e-14
0.141318
0.999943
0.930001
0.92779
3.35053e-07
0.992083
0.008518
0.904257
0.0926018
0.990431
0.998163
0.998339
0.909674
0.975543
0.94919
0.909151
0.939834
0.982931
0.913055
0.917186
0.00294487
0.766462
0.955429
0.999616
0.940213
0.961175
0.99997
0.909541
0.909691
0.999925
0.962322
0.537781
0.982038
0.99362
0.994854
0.999467
0.473807
0.998897
0.974321
0.998084
0.999119
0.275206
0.9402
0.94159
0.941125
0.897443
0.119417
0.976235
0.958461
0.983586
0.884143
0.984012
0.998562
0.991496
0.975321
0.996055
0.996452
0.00902629
0.997495
0.909573
0.999837
0.887423
0.734309
0.511859
0.970534
0.998471
0.14529
0.977177
0.963185
0.713201
0.999696
0.625136
1
0.999054
0.909201
0.918713
0.999986
0.999989
0.909294
0.825286
0.974659
0.981858
0.584426
0.117027
0.96745
0.910685
0.991581
0.909174
0.997478
0.909989
0.909289
0.974558
0.0683097
0.961005
0.978928
0.982502
0.996077
0.399976
0.995408
0.956799
0.101433
0.994643
0.9988
0.65349
0.909213
0.871175
0.965588
0.909101
0.992979
0.967438
0.9921
0.937693
0.0432883
0.948629
0.228672
0.728605
0.997809
0.910113
0.992999
0.482621
0.993097
0.454811
0.995533
0.481344
0.967742
0.999522
0.977565
0.807833
0.932738
0.999995
0.999402
0.996949
0.819033
0.998983
0.989548
0.999987
0.123067
0.0603649
0.0134755
0.999998
0.994428
0.978468
0.353579
0.878414
0.999581
0.979805
0.273527
0.391354
0.999721
0.954562
0.804916
0.507522
0.974445
0.960723
0.990251
0.992753
0.0873282
0.933489
0.982034
0.999869
0.998455
0.0203118
0.63339
6.4123e-06
0.99999
0.999914
0.99226
0.135124
0.945317
0.982058
1.96322e-10
0.999495
0.96826
0.830616
0.910168
0.983056
0.909532
0.968444
0.932381
0.823406
0.96939
0.96713
0.99996
0.890703
0.99866
0.997292
0.98199
0.967615
0.795402
0.142447
6.00058e-07
0.99966
0.944438
0.926929
0.909696
0.998924
0.997431
0.982571
0.999587
0.442123
0.992084
0.988212
0.129752
0.103983
0.968463
0.922654
0.950517
0.960306
0.995038
0.886751
0.919559
0.97347
0.999923
0.801988
0.999202
0.994529
0.994177
0.292075
0.999878
0.984332
0.938159
0.966926
0.3502
0.299815
0.989233
0.988076
0.990574
0.156846
0.981948
0.161
0.991486
0.909517
0.993901
0.626661
0.899163
0.737822
0.997897
0.977669
0.997221
0.0989156
0.953525
0.909035
0.0219902
0.948237
0.927351
0.122041
0.909662
0.939546
0.99098
0.996522
0.909674
0.99673
0.998603
0.953114
0.999702
0.432123
0.940012
0.984564
0.872796
0.948603
0.662344
0.661964
0.844778
0.999821
0.882386
0.0158319
0.9098
0.982072
0.280447
0.824968
0.997337
0.990258
0.192651
0.993328
0.993368
0.86815
0.929694
0.949579
0.957069
0.943218
0.989061
0.958478
0.958031
0.999998
0.100898
0.999302
0.995827
0.788752
0.914815
0.951947
0.999782
0.997904
0.127845
0.943439
0.909032
0.999067
0.99852
0.758565
0.962382
0.251211
0.945134
0.992577
0.981757
0.526471
0.957886
0.181792
0.996842
4.18031e-12
0.344838
0.993144
0.999984
0.00328534
0.978296
0.903414
0.999947
0.914593
0.89733
0.977077
0.51768
0.976623
0.995134
0.831374
0.241992
0.841725
0.998699
0.0251169
0.923177
0.955796
0.606606
0.999802
0.979394
0.994048
0.99774
0.200466
0.909691
0.242751
0.0815368
0.956902
0.960538
0.975364
0.858312
0.99256
0.892341
0.998308
0.0350582
0.576564
0.996283
0.996581
0.994377
0.852795
0.521744
0.996003
0.897718
0.995647
0.880735
0.998702
0.982823
0.968997
0.584695
0.380291
0.999988
0.909975
0.976641
0.276699
0.975047
0.951136
0.0950814
0.999988
5.7643e-07
0.734794
0.729444
0.0125861
0.959406
0.912165
0.909511
0.893373
0.908984
0.957473
0.998026
0.654812
0.0860828
0.99994
0.99899
0.999916
0.965072
0.910474
0.0260007
0.777286
0.791128
0.986982
0.992432
0.0441005
0.759114
0.991323
0.743805
0.997555
0.997963
0.741356
0.0723315
0.819346
0.975319
0.783683
0.995248
0.999316
0.819554
0.955829
0.180612
0.0152565
0.909775
0.0100112
0.380837
0.996159
0.910082
0.969775
0.967195
0.58152
0.602041
0.769293
0.0297504
0.984463
1.02407e-07
0.968854
0.0103595
0.63246
0.977775
0.999999
0.920597
3.22571e-08
0.890407
0.948047
0.583152
0.990934
0.938778
0.242155
0.938572
0.996471
0.998677
0.974854
0.00662437
0.999988
0.999558
0.984204
0.986819
0.253059
0.982522
0.998078
0.488224
0.981289
0.994586
0.999778
1.45107e-05
0.997438
0.978129
0.983997
0.793974
0.992128
0.814936
0.885262
9.58027e-06
0.984383
0.692065
0.562726
0.798081
0.152185
0.990117
0.978754
0.995684
0.942016
0.992718
0.393509
0.999998
0.964882
0.949582
0.867382
0.978676
2.087e-06
0.988167
0.999922
0.513204
0.0055628
0.976807
0.999958
0.988762
0.960701
0.893119
0.996789
0.996385
0.943583
0.912651
0.948508
0.64775
0.0634103
0.999928
0.71886
0.24166
0.0188303
0.940492
0.680984
0.916582
0.718784
0.99835
0.970629
0.989266
0.94227
0.205126
0.980073
0.999857
0.0842742
0.70001
0.781444
0.027486
0.99298
0.5
0.222118
0.999722
0.0441179
0.981451
0.998799
0.908868
0.998798
0.758042
0.0599428
0.969899
0.760377
0.875023
0.994988
0.995345
0.993792
0.872989
0.923135
0.999985
0.105064
0.985978
0.704749
0.779911
0.936101
0.909878
0.0900236
0.48919
0.539487
0.924202
0.908853
0.0226675
0.614501
4.82752e-06
0.946576
0.996531
0.844023
0.861431
0.296355
0.918209
0.740428
0.93752
0.911491
3e-14
0.993616
0.82861
0.321705
0.982712
0.909385
0.999988
0.908862
0.97806
0.89299
0.864824
0.945675
0.970208
0.0483304
0.989533
0.989316
0.941567
0.9937
0.978856
0.125602
0.980889
0.189951
0.950909
0.453339
0.868595
0.909379
0.452283
0.972678
0.061898
0.999685
0.418271
0.979062
0.995975
0.999814
0.910669
0.956084
0.869664
0.999996
0.941696
0.988454
0.933638
0.966725
0.95024
0.91115
0.927289
0.909511
0.978084
0.937725
0.945985
0.657261
0.298032
0.91017
0.999907
0.739931
0.993858
0.781977
0.908994
0.936643
0.995543
0.248801
0.99735
0.833456
0.0167019
0.979899
0.909003
1
0.941764
0.998923
0.976043
0.909063
0.434611
0.953197
0.954903
0.980768
0.968635
0.848273
0.994305
0.953981
0.983084
0.993193
0.924437
0.717872
0.00941753
0.539275
0.0202127
2.31592e-11
0.993857
0.993072
0.856622
0.979442
0.860533
0.97695
0.909266
0.933706
0.00988683
0.999821
0.999198
0.800434
0.923317
0.806263
0.941001
0.909895
0.994099
0.894103
0.999822
0.991302
0.910139
0.123074
0.909399
0.986723
0.70761
0.987212
0.991092
0.999308
0.961551
0.89243
0.992943
0.960558
8.97041e-09
0.998535
0.979214
0.986325
0.884513
0.943674
0.947803
0.654225
0.722403
0.983807
0.910922
0.910821
0.988906
0.999867
0.997661
0.288125
0.990357
0.00868612
0.122243
0.99462
0.909421
0.986143
0.909156
0.931779
0.0587412
0.69235
0.969039
0.909239
0.974648
0.910989
0.998941
0.200139
0.178767
0.999729
0.985138
0.0312781
0.991153
0.99519
0.344005
0.980933
0.987739
0.205897
0.997829
0.909397
0.910454
0.465307
0.608869
0.957592
0.808592
0.990696
0.838821
0.930615
0.99542
0.99264
0.930724
0.977235
0.916415
0.999327
0.938088
0.0856933
0.940452
0.804925
0.922328
0.635378
0.984435
0.922592
0.992504
0.283535
0.82991
0.999088
0.910684
0.945812
0.999725
0.996597
0.764381
0.68538
0.79222
0.630021
0.836651
8.76759e-07
0.882036
0.321832
0.908768
0.834871
0.269643
0.883708
0.997872
0.763264
0.902921
0.178113
0.476583
0.999762
0.949218
0.998303
0.916922
0.0149634
0.976272
0.96628
0.940596
0.9937
0.997604
0.5121
8.13338e-12
0.995248
0.999604
0.99213
0.990593
0.910165
4.00406e-07
0.99593
0.0405812
0.998778
0.98662
0.999006
0.658673
0.933298
0.415431
0.999971
0.992702
0.999086
0.981967
0.0266605
0.904895
0.936073
0.610814
0.968595
0.999948
0.435361
0.95991
0.389226
0.999252
0.902952
0.806998
0.995955
0.998282
0.910988
0.0125396
0.979015
0.98552
0.975764
0.0028777
0.0149851
0.965723
0.877358
0.998444
0.910362
0.909362
0.985423
0.965604
0.842529
0.033838
0.574102
0.672552
0.997752
0.965311
0.991454
0.999854
0.912269
0.899078
0.99355
0.956667
0.206423
0.94179
0.977169
0.0343283
0.97897
0.999997
0.32815
0.908786
0.787986
0.0654109
0.0162361
0.991047
0.960075
0.945733
0.998198
0.885681
0.638391
0.170683
0.16767
0.0951125
0.984606
0.909555
0.999858
0.976018
0.933949
0.997467
0.950008
0.972125
0.956249
0.9683
0.384503
0.914531
0.999414
0.956897
0.59087
0.909123
0.910536
0.999798
0.983017
0.999634
0.736954
0.700849
0.00397353
0.909301
0.484971
0.801791
0.919782
0.999522
0.991884
0.994753
0.99953
0.948791
0.988438
0.925791
0.976559
0.992871
0.955876
0.152011
0.9599
0.999041
0.745067
0.939478
0.999802
0.965945
0.999961
0.999769
0.834181
0.974416
0.702723
0.999996
0.999257
0.787661
0.737993
0.9913
0.96059
0.920816
0.965629
0.99971
0.928973
0.992398
0.943468
0.994308
0.999947
0.0294498
0.93031
0.995987
0.908808
0.95078
0.970977
0.939704
0.909444
0.96303
0.997839
0.846196
0.99549
0.99721
0.94106
0.909478
0.986355
0.534153
0.845262
0.96806
0.961166
0.909742
0.977797
0.546449
0.961676
0.981972
0.99997
0.99235
0.999688
0.984019
0.572594
0.992766
0.978962
0.0806215
0.975561
0.999896
1.79363e-07
0.999276
0.947345
0.981356
0.999936
0.905418
0.931329
0.999884
0.993205
0.909463
2.95125e-06
0.398246
0.795808
0.951996
0.991486
0.971636
0.95601
0.983273
0.976263
0.982086
0.0583438
0.99319
0.908877
0.979618
0.927206
0.998072
0.965626
0.932317
0.99168
0.983323
0.999068
0.999942
0.991873
0.890891
0.957738
0.98556
0.020602
0.997866
0.975421
0.997679
0.909656
0.797758
0.999102
0.909175
0.96697
0.788048
0.992345
0.190113
7.61965e-08
0.845946
0.0592148
0.994814
0.968155
0.995763
0.435144
0.89977
0.909425
0.909841
0.937012
0.98873
0.855278
0.939608
0.966669
0.904378
0.996735
0.996879
0.993142
0.530297
0.995977
3e-14
0.909718
0.976514
0.998033
0.985742
0.9535
0.937202
0.997817
0.0211422
0.85595
0.983918
0.710041
0.454009
0.542824
0.122384
0.0883891
0.957391
0.999754
0.125196
0.0133825
0.396599
0.885233
1
0.999967
0.226694
0.00375023
0.34582
0.0673
0.410555
0.172589
9.71081e-10
0.998276
0.992793
0.00873885
1
0.32741
0.980403
0.999871
0.0263208
0.999428
0.803564
0.996304
0.930954
0.0991444
0.986403
0.0488483
0.342753
0.0537078
0.996864
0.995916
1
0.399958
3e-14
0.990286
0.029475
0.994946
0.044685
0.977942
0.989549
0.0658776
0.431973
0.934899
0.907288
0.983571
0.910677
0.940145
0.663561
0.949515
0.997056
0.5906
0.873238
0.96323
0.9943
0.459558
0.49022
0.0550613
0.909543
0.999979
0.999486
0.903081
0.409821
0.961161
0.046689
0.991836
0.0213134
0.875601
0.938326
0.932198
0.901308
0.898224
0.714924
0.996901
0.532832
0.947586
0.971233
0.678454
0.998933
0.799
0.771688
0.999322
0.411755
0.964818
0.81149
0.993632
0.911746
0.999422
0.753175
0.973784
0.984726
0.860579
0.807163
0.979386
0.897114
0.992079
0.976951
0.922588
0.881124
0.990377
0.978109
0.999957
0.998578
0.954135
0.951738
0.999999
0.984218
0.998029
0.909215
0.908584
0.122991
0.888761
0.145318
0.98566
1
0.971878
0.976643
0.998483
0.300151
0.997402
0.895807
0.994348
0.965883
0.959448
0.997131
0.909578
0.880107
0.00442984
0.697305
0.141683
0.653436
0.977927
0.909545
0.999994
0.964366
0.968835
0.47908
0.411626
0.997368
0.977977
0.0543083
0.470675
0.97183
0.92767
0.999241
0.98835
0.981841
0.092735
0.211311
0.988258
0.952403
0.968542
0.208412
0.9946
0.915796
0.829195
0.999939
1
0.99888
0.908792
0.98418
0.922383
0.987682
0.279794
0.26011
0.0388993
0.999939
0.621025
0.985435
0.325237
0.909297
0.96332
0.372889
0.547281
0.990665
0.161974
0.912716
0.707255
0.956544
0.969528
0.746929
0.856692
0.0629862
0.657883
0.694448
0.657011
0.806936
0.855233
0.973984
1
0.932525
0.943485
0.90939
0.941295
0.863908
0.965973
0.987075
0.987982
0.940598
0.979517
0.997536
0.966803
0.0848143
0.909098
0.837719
0.999302
0.992777
0.336694
0.932676
0.931353
0.934575
0.995772
0.998785
0.995378
0.849865
0.997754
0.906602
0.940239
0.998006
0.909848
0.941383
0.263124
0.835269
0.946824
0.909236
0.99944
0.998073
0.0525378
0.0840132
0.986427
0.875778
0.999991
0.790087
0.931274
0.971716
0.894988
0.988078
0.99828
0.996346
0.909012
0.31325
0.931797
0.378533
0.999847
0.970224
0.0686177
0.999926
0.996492
0.943687
0.044932
0.991753
0.955077
0.975304
0.516328
0.999981
0.872049
0.908868
0.96553
0.918216
0.99651
0.971855
0.988351
0.954718
0.909161
0.984793
0.991352
0.909344
0.78932
0.0772108
0.969442
0.902921
0.999951
0.999943
0.024494
0.909038
0.90997
0.994314
0.987656
0.909194
0.930338
0.222688
0.0155012
0.997381
0.993578
0.996339
0.933769
0.865399
0.725297
0.856062
0.481812
0.5
0.969415
0.982549
0.999932
0.999025
0.911515
0.442944
0.82007
0.0210747
0.909465
0.967507
0.0118565
0.99998
0.00365351
0.684413
0.999998
0.99625
0.96938
0.825314
4.11753e-09
0.999201
0.952441
2.79536e-09
0.978956
0.984391
0.890174
0.710797
0.517216
0.999817
0.221846
0.80354
0.909299
0.99861
0.999125
0.873972
0.958022
0.993615
0.988264
0.643715
0.996483
0.973311
0.999144
0.999464
0.917394
0.941375
0.999999
0.999938
0.972043
0.0439603
0.999509
0.00739504
0.991639
0.962108
0.909693
0.159419
0.999911
0.966707
0.973298
0.909532
0.99966
0.0693156
0.909988
0.999529
0.97988
0.976108
0.997151
0.997503
0.947707
0.687241
0.99795
0.152357
0.322287
0.999974
0.999913
0.999238
0.835104
0.864293
0.526646
0.994233
1.68908e-06
0.396926
0.891631
0.17574
0.722263
0.991195
0.990965
0.97012
0.77225
0.924643
0.962004
0.992446
0.99993
0.950659
0.684849
0.999924
0.90937
0.727414
0.811722
0.909814
0.990466
0.952202
0.99215
0.995632
0.994333
0.935884
0.964912
0.983215
0.0203311
0.0330131
0.999999
0.999999
0.922415
0.977785
0.957935
0.951621
0.98853
0.998085
0.519878
0.985776
0.979623
0.943982
0.927961
0.137805
0.0398068
0.999972
0.819609
1.10678e-05
0.108788
0.995491
0.910303
0.938556
0.987953
0.909453
0.995558
7.28514e-10
0.873622
0.977642
0.821767
0.999647
0.993131
0.997201
0.925061
0.994277
0.957448
0.813147
0.967304
0.909572
0.789955
0.996409
1.78374e-11
0.691486
0.125314
0.911224
0.013422
0.411408
0.97289
0.999995
0.909233
0.0180272
0.222907
0.661594
0.982452
0.999726
0.983659
0.170047
0.938184
1
0.909076
0.885334
0.490189
0.217272
0.887679
0.605076
0.347847
0.958545
0.909133
0.999812
1
0.999329
0.126647
0.659786
0.979092
0.99459
0.158443
0.993276
0.542693
1
0.993526
0.943449
6.44488e-06
0.99155
0.948021
0.0204911
0.718736
0.84426
0.996876
0.996752
0.0279929
0.978364
0.868534
0.99951
0.982025
0.537708
0.992055
0.466954
0.653041
0.939708
0.895015
0.999724
9.82249e-08
0.746671
0.986947
0.990327
0.992073
0.910674
0.949677
0.998768
0.982883
0.964325
0.340617
0.999541
0.953423
0.947346
0.993687
0.387323
0.909294
0.963705
0.612709
0.997902
0.994745
0.0449582
0.991874
0.581952
1
0.790313
0.964093
0.0970286
0.998923
0.992704
0.972145
0.983336
0.974363
0.967862
0.990452
0.951035
0.910481
0.772453
0.788912
0.5
0.742306
0.999985
0.999436
0.946688
9.06574e-06
0.80678
0.1224
1.14003e-07
0.999999
0.0695048
0.90959
0.961774
0.66178
0.977128
0.999837
0.996421
0.993251
0.985303
0.986493
0.986036
0.851589
0.908928
0.897235
0.591576
0.0306819
0.0704517
0.982297
0.989074
0.695422
0.0968346
0.992284
0.989385
0.981581
0.909992
0.723484
0.979321
0.993521
0.987451
0.322481
0.880781
0.909619
0.989704
0.961369
0.817341
0.908933
0.546514
0.467253
0.865205
0.963301
0.867116
0.984997
0.608761
0.52823
0.948427
0.575417
0.0184942
0.563143
0.978202
0.999632
0.0178027
0.310412
0.995169
0.991261
0.968917
0.997586
0.999792
0.957288
0.847661
0.986803
0.922391
0.908942
0.999325
0.999998
0.995799
0.994478
0.553268
0.0159277
0.961499
0.994316
0.999995
1.08616e-08
0.347839
0.999837
0.959232
0.974973
7.62961e-06
0.999435
0.931452
0.999756
0.33298
0.909728
0.999781
0.141152
0.999981
0.459565
0.987548
0.745273
0.00961691
0.98117
0.936903
0.997369
0.938991
0.968218
0.0660443
0.991932
0.262195
0.98219
0.949407
0.889178
0.890279
0.822826
0.967141
0.995426
0.980381
0.983261
0.963296
0.909775
0.994269
0.0424033
0.953807
0.960132
0.90982
0.549609
0.999988
0.910493
0.743822
0.910778
0.988647
0.679692
0.688488
0.697458
0.624484
0.909253
0.395301
0.923905
0.986181
0.647171
0.430929
0.999555
0.931212
0.96554
0.99726
0.969604
0.993261
0.925835
0.104849
0.785592
0.0542845
0.415562
0.990115
0.22744
0.999365
0.101444
0.092596
0.0366878
0.664183
0.910016
0.97356
0.940051
0.938606
0.996385
0.965718
0.993856
0.613697
0.999899
3.98331e-11
0.90938
0.999914
0.929313
0.999805
0.973913
0.917155
0.987008
0.593699
7.82125e-07
0.983877
0.996498
0.99902
0.183226
0.996873
0.961749
0.96082
0.9846
0.997835
0.25356
0.999984
0.909639
0.0529042
0.280693
0.982063
0.891812
0.908863
0.54538
0.971843
0.97583
0.997372
0.205501
0.314982
0.930779
0.985211
0.909606
0.909238
0.993425
0.99451
0.0539199
0.999944
0.981216
0.998573
0.804984
0.844501
0.949886
0.82215
0.32268
0.918551
0.910314
0.9845
0.981976
0.957311
0.949701
0.392274
0.994167
0.356334
0.184357
0.971003
0.966674
0.909606
0.253496
0.967096
0.854628
0.909089
0.362094
0.266742
0.231963
7.22357e-06
0.250428
0.981946
0.997756
0.942035
0.0629695
0.904159
0.935886
0.878001
0.909671
0.996964
0.986605
0.956007
0.997589
0.0314188
0.975933
0.612908
0.999999
0.693944
0.910166
0.996426
0.996464
0.960036
0.488778
0.993262
0.923612
0.793091
0.942068
0.962432
0.930027
0.5
0.797582
1.21851e-06
0.997511
0.541042
1
0.936828
0.995017
0.99538
0.865491
0.0394799
0.999927
0.80511
0.999814
0.556932
0.190416
0.995946
0.592033
0.999593
0.963981
0.994527
0.641706
0.996045
0.383076
0.999394
0.323431
0.717016
0.999588
0.909233
0.5
7.1729e-06
0.51826
0.999243
0.995122
0.90884
0.999995
0.856441
0.998901
0.989332
0.99005
0.977803
0.618449
0.9867
0.996845
0.991093
0.996907
0.981118
0.922408
0.994803
0.98466
0.716618
0.959888
4.46842e-07
3.83971e-06
0.909134
0.996208
0.952435
0.909509
0.963624
0.944076
0.999803
0.00595753
0.881563
0.923712
0.999259
0.983034
0.914382
0.986793
0.983375
0.999852
0.133048
0.975607
0.46348
0.978039
0.999407
0.383944
0.970007
0.981424
0.974758
0.993586
0.840419
0.922452
0.99998
0.94656
0.834398
0.29436
0.999894
0.958013
0.996655
0.0650105
0.996045
0.932957
0.0358564
0.987672
0.0170297
0.986186
0.961417
0.977763
0.668466
0.961013
0.248198
0.928868
0.0149626
0.600476
0.937911
0.95194
0.16004
0.972649
0.0156711
0.937988
0.996879
0.733472
0.945295
0.900259
0.81223
0.997923
0.963279
0.968792
0.962328
0.999459
0.997635
0.964002
0.995402
0.890446
0.997176
0.776329
0.186417
0.841167
0.983287
0.988102
0.988704
0.968498
0.985048
0.0282135
0.909352
0.0425613
0.99687
0.975557
0.942664
0.53014
0.941096
0.963851
0.997103
0.309853
0.96104
0.996456
0.909213
0.729127
0.976883
0.601183
0.938631
0.996369
0.00288218
0.999982
0.898598
0.45301
0.999247
0.999433
0.919752
0.984779
0.99685
0.985617
0.861487
0.955276
0.265692
0.997939
0.999131
0.884006
0.973142
0.999259
0.90871
0.999999
0.910161
0.575112
0.0153733
0.996955
0.0134368
0.999926
0.984077
0.269469
0.874505
0.999937
0.909084
0.999137
0.264454
0.986788
0.407972
0.934963
0.792823
0.979212
0.910134
0.999741
0.953776
9.07303e-10
0.998592
0.972883
0.995453
0.711267
0.987752
0.986116
0.698341
0.0287007
0.889913
0.984621
0.0726101
0.993888
0.942416
